  173CHOL   ROH 2065   5.566   7.728   3.213 -0.0179  0.0802 -0.0208
  173CHOL    R1 2066   5.585   7.752   3.494 -0.0180  0.0671 -0.0204
  173CHOL    R2 2067   5.494   7.973   3.631 -0.2076 -0.0280  0.0081
  173CHOL    R3 2068   5.354   7.788   3.773 -0.0329 -0.1711  0.0028
  173CHOL    R4 2069   5.451   7.981   3.974 -0.2103 -0.0811  0.0098
  173CHOL    R5 2070   5.479   7.764   3.977 -0.0028 -0.0602  0.0007
  173CHOL    C1 2071   5.295   7.811   4.307 -0.0480 -0.2464  0.0058
  173CHOL    C2 2072   5.348   8.010   4.668 -0.1123 -0.0131 -0.0529
  174CHOL   ROH 2073  12.999   4.125   4.112  0.1182  0.0530 -0.0626
  174CHOL    R1 2074  12.984   4.113   4.394  0.0366  0.0882 -0.0667
  174CHOL    R2 2075  13.184   4.002   4.550 -0.1172 -0.0959 -0.0153
  174CHOL    R3 2076  13.176   4.243   4.675  0.0949 -0.0822 -0.0195
  174CHOL    R4 2077  13.283   4.056   4.877  0.0920 -0.1760 -0.0611
  174CHOL    R5 2078  13.111   4.190   4.900  0.1703 -0.0571  0.0225
  174CHOL    C1 2079  13.332   4.314   5.185  0.4129 -0.2097 -0.0917
  174CHOL    C2 2080  13.556   4.144   5.543 -0.2370 -0.1466  0.1725
  175CHOL   ROH 2081  10.547   1.886   6.843  0.0530  0.2003  0.0138
  175CHOL    R1 2082  10.694   2.001   6.630  0.0505  0.2240  0.0223
  175CHOL    R2 2083  10.769   1.858   6.406  0.1229  0.2220  0.0359
  175CHOL    R3 2084  10.643   2.059   6.274  0.0764  0.1758  0.0132
  175CHOL    R4 2085  10.825   1.941   6.076 -0.1209  0.0186 -0.0615
  175CHOL    R5 2086  10.813   2.152   6.132 -0.0170  0.0494 -0.1785
  175CHOL    C1 2087  10.739   2.178   5.759 -0.3065 -0.1432 -0.1395
  175CHOL    C2 2088  10.688   2.355   5.423  0.0659 -0.1194 -0.0564
  176CHOL   ROH 2089   2.309   2.219   3.672 -0.1382 -0.2179 -0.1655
  176CHOL    R1 2090   2.304   2.289   3.947 -0.0611 -0.1857 -0.1706
  176CHOL    R2 2091   2.097   2.435   4.060 -0.0040 -0.1191 -0.1381
  176CHOL    R3 2092   2.087   2.224   4.232 -0.0173 -0.1013 -0.1191
  176CHOL    R4 2093   1.906   2.421   4.348  0.1322 -0.0171 -0.0415
  176CHOL    R5 2094   2.072   2.323   4.448  0.1339 -0.0839 -0.1184
  176CHOL    C1 2095   1.786   2.216   4.676  0.1991  0.0589  0.0326
  176CHOL    C2 2096   1.703   2.453   4.813 -0.2451 -0.3948 -0.0826
  177CHOL   ROH 2097   9.596   7.794   6.580  0.0338  0.0765 -0.1538
  177CHOL    R1 2098   9.525   7.681   6.331 -0.0032 -0.0763 -0.0747
  177CHOL    R2 2099   9.348   7.804   6.156 -0.0311 -0.1901 -0.1150
  177CHOL    R3 2100   9.554   7.774   5.981 -0.0655 -0.2898 -0.1431
  177CHOL    R4 2101   9.314   7.761   5.815 -0.1147  0.1327 -0.1552
  177CHOL    R5 2102   9.475   7.615   5.821 -0.2753 -0.0765 -0.2765
  177CHOL    C1 2103   9.487   7.708   5.452 -0.1956  0.2271 -0.2049
  177CHOL    C2 2104   9.379   7.823   5.097  0.1493 -0.0517 -0.2542
  178CHOL   ROH 2105   5.894   1.619   6.176 -0.3015 -0.0857 -0.0855
  178CHOL    R1 2106   5.995   1.600   5.913 -0.1109 -0.0754 -0.0151
  178CHOL    R2 2107   5.843   1.665   5.690  0.0248 -0.1387 -0.1226
  178CHOL    R3 2108   6.053   1.828   5.635  0.0165 -0.0799  0.0057
  178CHOL    R4 2109   5.921   1.789   5.377  0.0537  0.0631 -0.0404
  178CHOL    R5 2110   6.131   1.755   5.421  0.0536  0.0577 -0.0322
  178CHOL    C1 2111   6.163   2.014   5.143  0.0628  0.2358  0.1279
  178CHOL    C2 2112   6.231   2.294   4.956  0.1264  0.0194  0.0654
  179CHOL   ROH 2113   6.576   2.580   6.278 -0.1153  0.2594 -0.0053
  179CHOL    R1 2114   6.713   2.734   6.084  0.0004  0.1309 -0.0246
  179CHOL    R2 2115   6.856   2.620   5.876 -0.1541 -0.0035 -0.0452
  179CHOL    R3 2116   6.698   2.779   5.723 -0.0196  0.1620 -0.0225
  179CHOL    R4 2117   6.907   2.685   5.540 -0.1594 -0.1117 -0.0705
  179CHOL    R5 2118   6.851   2.892   5.577  0.0842 -0.0289 -0.0788
  179CHOL    C1 2119   6.789   2.872   5.201 -0.0362 -0.0194 -0.0640
  179CHOL    C2 2120   6.975   2.986   4.823 -0.1695  0.2832 -0.2584
  180CHOL   ROH 2121   3.462   8.251   4.447 -0.0402  0.2436  0.2261
  180CHOL    R1 2122   3.723   8.193   4.353 -0.0377 -0.0117  0.3783
  180CHOL    R2 2123   3.875   8.375   4.209 -0.0517 -0.3779 -0.1460
  180CHOL    R3 2124   4.057   8.326   4.404 -0.0425  0.1660  0.0194
  180CHOL    R4 2125   4.216   8.419   4.177 -0.0673 -0.2921 -0.2189
  180CHOL    R5 2126   4.246   8.235   4.288  0.0097 -0.0386  0.2412
  180CHOL    C1 2127   4.586   8.399   4.342 -0.0678  0.2684 -0.1061
  180CHOL    C2 2128   4.876   8.121   4.359  0.0216 -0.1542  0.1429
  181CHOL   ROH 2129   6.948   1.730   6.034  0.0316  0.0069 -0.0431
  181CHOL    R1 2130   7.072   1.601   5.814  0.0669  0.0297 -0.0328
  181CHOL    R2 2131   6.930   1.513   5.593  0.1129  0.0722 -0.0586
  181CHOL    R3 2132   7.110   1.665   5.458  0.1505  0.0652 -0.0234
  181CHOL    R4 2133   7.030   1.460   5.266  0.3092 -0.0880  0.0208
  181CHOL    R5 2134   7.233   1.509   5.325  0.2787  0.0086  0.1286
  181CHOL    C1 2135   7.258   1.572   4.950  0.4589 -0.1879  0.1002
  181CHOL    C2 2136   7.481   1.650   4.637  0.0545  0.0499 -0.1794
  182CHOL   ROH 2137   1.647   3.882   6.644 -0.2972 -0.0504  0.2556
  182CHOL    R1 2138   1.516   3.977   6.412 -0.2430  0.0013  0.2432
  182CHOL    R2 2139   1.569   3.877   6.158 -0.2201  0.0175  0.2293
  182CHOL    R3 2140   1.301   3.837   6.155 -0.2240  0.0648  0.1972
  182CHOL    R4 2141   1.381   3.804   5.877 -0.2224  0.0842  0.2154
  182CHOL    R5 2142   1.226   3.936   5.951 -0.1973  0.0940  0.2124
  182CHOL    C1 2143   1.020   3.724   5.711 -0.2273  0.1675  0.1771
  182CHOL    C2 2144   1.114   3.795   5.365 -0.3237 -0.1163  0.3387
  183CHOL   ROH 2145   7.372   4.603   3.389 -0.0821 -0.0110 -0.1389
  183CHOL    R1 2146   7.265   4.714   3.627 -0.0303  0.0268 -0.1313
  183CHOL    R2 2147   7.022   4.628   3.738 -0.0690  0.1140 -0.1143
  183CHOL    R3 2148   7.178   4.592   3.957 -0.0589  0.0479 -0.1374
  183CHOL    R4 2149   6.919   4.644   4.067 -0.0214 -0.0881 -0.0885
  183CHOL    R5 2150   7.100   4.746   4.118 -0.0709 -0.0769 -0.0484
  183CHOL    C1 2151   7.005   4.618   4.464  0.0158 -0.2677 -0.0952
  183CHOL    C2 2152   7.315   4.589   4.776  0.0120  0.0310  0.1640
  184CHOL   ROH 2153   2.722   4.930   6.076 -0.1596 -0.2288 -0.0223
  184CHOL    R1 2154   2.696   4.861   5.802 -0.1629 -0.1792 -0.0373
  184CHOL    R2 2155   2.848   4.663   5.683 -0.1170 -0.1258 -0.0964
  184CHOL    R3 2156   2.606   4.565   5.611 -0.1023 -0.1645 -0.0831
  184CHOL    R4 2157   2.778   4.519   5.378 -0.2017  0.1349 -0.2036
  184CHOL    R5 2158   2.585   4.622   5.379 -0.2398  0.0448 -0.0166
  184CHOL    C1 2159   2.509   4.342   5.132 -0.2372  0.2505 -0.2536
  184CHOL    C2 2160   2.284   4.101   4.954  0.0338  0.0104  0.0027
  185CHOL   ROH 2161   6.685   8.248   6.398  0.0911 -0.0737  0.0151
  185CHOL    R1 2162   6.781   8.075   6.194  0.0881  0.0481 -0.0904
  185CHOL    R2 2163   6.613   7.951   6.012  0.0753  0.0606 -0.0770
  185CHOL    R3 2164   6.778   8.069   5.831 -0.0347  0.1938 -0.0961
  185CHOL    R4 2165   6.620   7.878   5.674  0.1763 -0.0469 -0.0536
  185CHOL    R5 2166   6.837   7.893   5.681  0.1741  0.1984 -0.0351
  185CHOL    C1 2167   6.779   7.946   5.308  0.1320  0.0156 -0.0580
  185CHOL    C2 2168   6.883   8.013   4.972  0.2440 -0.0232  0.0228
  186CHOL   ROH 2169   7.390   4.363   6.447  0.0017  0.1582  0.0723
  186CHOL    R1 2170   7.545   4.419   6.216 -0.0218  0.1130  0.0438
  186CHOL    R2 2171   7.473   4.335   5.962 -0.0900  0.1268  0.0510
  186CHOL    R3 2172   7.498   4.598   5.904 -0.0322  0.1208  0.0525
  186CHOL    R4 2173   7.554   4.462   5.652 -0.1060  0.1282  0.0481
  186CHOL    R5 2174   7.680   4.609   5.750 -0.0591  0.0884  0.0281
  186CHOL    C1 2175   7.625   4.784   5.416 -0.0611  0.1232  0.0478
  186CHOL    C2 2176   7.585   4.911   5.075 -0.0436 -0.3170 -0.1449
  187CHOL   ROH 2177  10.947   0.665   6.757 -0.2320  0.0269 -0.1501
  187CHOL    R1 2178  10.979   0.738   6.485 -0.2483  0.0416 -0.1502
  187CHOL    R2 2179  11.163   0.614   6.318 -0.1044  0.1885 -0.1197
  187CHOL    R3 2180  10.944   0.573   6.163 -0.0500 -0.0130 -0.1447
  187CHOL    R4 2181  11.169   0.548   5.979 -0.0078  0.0782 -0.0958
  187CHOL    R5 2182  10.997   0.678   5.955 -0.0902 -0.0494 -0.1689
  187CHOL    C1 2183  10.967   0.472   5.636  0.0995 -0.1753 -0.1055
  187CHOL    C2 2184  10.943   0.445   5.217  0.0445  0.1803 -0.0050
  188CHOL   ROH 2185   9.660   4.974   3.620  0.2199 -0.0565 -0.0497
  188CHOL    R1 2186   9.644   5.031   3.897  0.3142 -0.1275 -0.0253
  188CHOL    R2 2187   9.406   5.012   4.041  0.2773  0.1423 -0.0108
  188CHOL    R3 2188   9.555   4.849   4.198  0.0815 -0.1244 -0.0939
  188CHOL    R4 2189   9.324   4.915   4.361  0.1524  0.0047 -0.0850
  188CHOL    R5 2190   9.531   4.938   4.418  0.1597 -0.2577 -0.0416
  188CHOL    C1 2191   9.415   4.706   4.696 -0.1041 -0.3257 -0.2061
  188CHOL    C2 2192   9.308   4.714   5.079  0.0850 -0.0849 -0.1633
  189CHOL   ROH 2193   7.695   0.878   6.459  0.2061  0.0377  0.0048
  189CHOL    R1 2194   7.638   0.843   6.184  0.1860  0.1497 -0.0085
  189CHOL    R2 2195   7.745   1.007   5.986  0.2529  0.1776  0.0314
  189CHOL    R3 2196   7.828   0.770   5.883  0.1569  0.1726 -0.0269
  189CHOL    R4 2197   7.770   0.934   5.650 -0.0421  0.1262  0.0172
  189CHOL    R5 2198   7.691   0.737   5.690 -0.0025  0.1454  0.1011
  189CHOL    C1 2199   7.862   0.668   5.357 -0.3040  0.0915 -0.0458
  189CHOL    C2 2200   7.835   0.559   5.014  0.0123  0.0921  0.1706
  190CHOL   ROH 2201   2.948   2.582   6.040 -0.1948  0.0571 -0.0343
  190CHOL    R1 2202   2.912   2.762   5.824 -0.0890  0.0675 -0.0486
  190CHOL    R2 2203   3.009   2.711   5.568  0.0868  0.0953 -0.0166
  190CHOL    R3 2204   2.750   2.753   5.499  0.1134  0.0433 -0.1417
  190CHOL    R4 2205   2.894   2.770   5.248  0.1141 -0.3105 -0.1101
  190CHOL    R5 2206   2.758   2.918   5.327  0.1355 -0.2017 -0.3530
  190CHOL    C1 2207   2.584   2.844   4.996  0.1550 -0.5957 -0.2819
  190CHOL    C2 2208   2.556   2.862   4.689  0.1531 -0.0798 -0.0215
  191CHOL   ROH 2209   3.533   5.430   6.021 -0.0674  0.1053 -0.0327
  191CHOL    R1 2210   3.615   5.463   5.752  0.0455 -0.0472 -0.0208
  191CHOL    R2 2211   3.570   5.273   5.558 -0.0538 -0.0733  0.0222
  191CHOL    R3 2212   3.454   5.480   5.426  0.1587 -0.0150 -0.0747
  191CHOL    R4 2213   3.458   5.259   5.231 -0.2017 -0.1623  0.0758
  191CHOL    R5 2214   3.538   5.461   5.202  0.0465 -0.2808 -0.0972
  191CHOL    C1 2215   3.285   5.446   4.917 -0.0882 -0.1594  0.0161
  191CHOL    C2 2216   3.432   5.609   4.508  0.1539  0.0127  0.2874
  192CHOL   ROH 2217   5.813   2.884   5.992  0.0276 -0.0827 -0.0710
  192CHOL    R1 2218   6.031   2.999   5.851  0.1821 -0.2682  0.0068
  192CHOL    R2 2219   6.212   2.847   5.706 -0.1614 -0.4103 -0.3032
  192CHOL    R3 2220   6.141   3.015   5.505  0.0416  0.0384 -0.0312
  192CHOL    R4 2221   6.400   2.909   5.423 -0.2038 -0.4073 -0.3304
  192CHOL    R5 2222   6.345   3.118   5.438  0.2313 -0.2842  0.0017
  192CHOL    C1 2223   6.442   3.103   5.069 -0.0379  0.0157 -0.0909
  192CHOL    C2 2224   6.637   3.355   4.838  0.1303 -0.2118  0.1806
  193CHOL   ROH 2225   9.575   3.032   6.829  0.0928 -0.0594 -0.0380
  193CHOL    R1 2226   9.530   2.975   6.555  0.1107 -0.0478 -0.0418
  193CHOL    R2 2227   9.356   3.126   6.397  0.0958 -0.0661 -0.0334
  193CHOL    R3 2228   9.576   3.150   6.240  0.0944 -0.0223 -0.0312
  193CHOL    R4 2229   9.357   3.120   6.052  0.1251 -0.3018 -0.0346
  193CHOL    R5 2230   9.537   3.002   6.058  0.2093 -0.1780  0.0632
  193CHOL    C1 2231   9.563   3.140   5.703  0.1408 -0.3980 -0.0331
  193CHOL    C2 2232   9.394   3.067   5.341 -0.0769  0.0028 -0.2287
  194CHOL   ROH 2233  11.576   6.898   3.546  0.0275 -0.1846  0.1764
  194CHOL    R1 2234  11.621   7.045   3.784 -0.2215  0.0030  0.1196
  194CHOL    R2 2235  11.414   7.147   3.938 -0.4208 -0.3154  0.1065
  194CHOL    R3 2236  11.538   7.008   4.137 -0.1276 -0.0287  0.1345
  194CHOL    R4 2237  11.394   7.221   4.275 -0.2768 -0.1153  0.0714
  194CHOL    R5 2238  11.606   7.176   4.293 -0.2182  0.1508 -0.0261
  194CHOL    C1 2239  11.499   7.135   4.657  0.0824  0.2703  0.0773
  194CHOL    C2 2240  11.537   7.258   5.034 -0.0274  0.0062  0.1297
  195CHOL   ROH 2241   7.500   6.156   6.699 -0.1876  0.0968  0.1137
  195CHOL    R1 2242   7.563   6.254   6.440 -0.1209  0.0307  0.1048
  195CHOL    R2 2243   7.780   6.160   6.293 -0.0408  0.0366  0.2103
  195CHOL    R3 2244   7.589   6.115   6.105  0.0320 -0.0727  0.1594
  195CHOL    R4 2245   7.828   6.179   5.952  0.0444 -0.0642  0.2142
  195CHOL    R5 2246   7.634   6.274   5.934  0.0335 -0.1239  0.1207
  195CHOL    C1 2247   7.677   6.149   5.577  0.1622 -0.2255  0.1687
  195CHOL    C2 2248   7.797   6.306   5.286 -0.1650 -0.2204  0.0752
  196CHOL   ROH 2249   5.862   1.143   6.060  0.1111 -0.1386  0.0011
  196CHOL    R1 2250   5.913   1.111   5.783  0.0631 -0.1314 -0.0071
  196CHOL    R2 2251   5.761   1.233   5.588  0.0516 -0.1091  0.0305
  196CHOL    R3 2252   6.002   1.327   5.504  0.0455 -0.1334 -0.0188
  196CHOL    R4 2253   5.833   1.330   5.264 -0.1172  0.1483  0.0628
  196CHOL    R5 2254   6.028   1.234   5.285 -0.1296  0.0394 -0.1298
  196CHOL    C1 2255   6.101   1.473   4.997 -0.2211  0.2755  0.0352
  196CHOL    C2 2256   6.342   1.660   4.851 -0.0176  0.0571  0.3080
  197CHOL   ROH 2257  10.147   1.853   6.657 -0.1429 -0.0403  0.0030
  197CHOL    R1 2258  10.272   1.816   6.406 -0.0032 -0.0534  0.0733
  197CHOL    R2 2259  10.133   1.735   6.181  0.1209 -0.0451  0.0001
  197CHOL    R3 2260  10.244   1.959   6.072  0.1996 -0.0594  0.0480
  197CHOL    R4 2261  10.175   1.788   5.842 -0.2295  0.1482 -0.0220
  197CHOL    R5 2262  10.370   1.876   5.886 -0.0825 -0.0573 -0.1681
  197CHOL    C1 2263  10.302   2.028   5.543 -0.3597  0.2474  0.0101
  197CHOL    C2 2264  10.584   1.891   5.377  0.1004 -0.0422 -0.0154
  198CHOL   ROH 2265   1.358   6.031   6.271 -0.1198 -0.0177 -0.0048
  198CHOL    R1 2266   1.410   5.935   6.009 -0.2238 -0.0790 -0.0035
  198CHOL    R2 2267   1.215   5.926   5.812 -0.2489  0.0939  0.0097
  198CHOL    R3 2268   1.397   6.071   5.672 -0.1183 -0.0782 -0.0067
  198CHOL    R4 2269   1.208   5.974   5.470 -0.3649  0.3000  0.0363
  198CHOL    R5 2270   1.424   5.950   5.467 -0.3954 -0.0030 -0.0932
  198CHOL    C1 2271   1.375   6.138   5.140 -0.3099  0.2583  0.0363
  198CHOL    C2 2272   1.610   6.243   5.010  0.1038 -0.0948 -0.0796
  199CHOL   ROH 2273   8.666   1.112   6.416 -0.1559 -0.0982 -0.0395
  199CHOL    R1 2274   8.710   1.215   6.156 -0.0283 -0.0803 -0.0120
  199CHOL    R2 2275   8.819   1.062   5.952  0.0489 -0.0747  0.0223
  199CHOL    R3 2276   8.595   1.139   5.819  0.1146 -0.0409 -0.0707
  199CHOL    R4 2277   8.802   1.124   5.613  0.1810 -0.1187  0.0066
  199CHOL    R5 2278   8.674   1.295   5.655  0.2069 -0.0839 -0.0655
  199CHOL    C1 2279   8.583   1.232   5.290  0.3196 -0.1126 -0.0898
  199CHOL    C2 2280   8.453   1.260   4.833 -0.3196 -0.1611 -0.2468
  200CHOL   ROH 2281  12.145   8.035   3.449 -0.0024 -0.1451  0.0147
  200CHOL    R1 2282  12.005   7.988   3.691 -0.0842  0.0502  0.0130
  200CHOL    R2 2283  12.132   7.907   3.922 -0.1988 -0.1973  0.0191
  200CHOL    R3 2284  12.008   8.124   4.029  0.1581  0.0167  0.0208
  200CHOL    R4 2285  12.094   7.964   4.261 -0.0941 -0.0688  0.0091
  200CHOL    R5 2286  11.892   8.037   4.220  0.0324  0.2488  0.0341
  200CHOL    C1 2287  11.957   8.201   4.558  0.3019  0.2070  0.0048
  200CHOL    C2 2288  11.956   8.165   4.912 -0.2589  0.0586 -0.0156
  201CHOL   ROH 2289   9.540   2.559   6.839 -0.0607  0.1384  0.0369
  201CHOL    R1 2290   9.646   2.484   6.588  0.0190  0.1231  0.0731
  201CHOL    R2 2291   9.486   2.408   6.375  0.0883 -0.0436  0.0683
  201CHOL    R3 2292   9.623   2.604   6.245 -0.0135  0.0053  0.0353
  201CHOL    R4 2293   9.509   2.439   6.031 -0.0820  0.0366  0.0629
  201CHOL    R5 2294   9.718   2.494   6.055 -0.0865  0.0689 -0.0327
  201CHOL    C1 2295   9.651   2.641   5.710 -0.2766  0.1292  0.0287
  201CHOL    C2 2296   9.753   2.723   5.363 -0.2130 -0.0827 -0.1141
  202CHOL   ROH 2297   7.467   8.114   3.155 -0.1160 -0.2185 -0.0619
  202CHOL    R1 2298   7.412   7.964   3.388 -0.0032 -0.1138  0.0315
  202CHOL    R2 2299   7.543   8.006   3.626 -0.0112  0.1042 -0.0180
  202CHOL    R3 2300   7.291   8.031   3.725 -0.0132  0.0021  0.0110
  202CHOL    R4 2301   7.461   7.966   3.959  0.0945  0.1838  0.0203
  202CHOL    R5 2302   7.280   7.860   3.895  0.1283  0.0464  0.0856
  202CHOL    C1 2303   7.177   7.966   4.247  0.1541  0.1343  0.0697
  202CHOL    C2 2304   7.281   8.059   4.688 -0.1482  0.1209  0.2245
  203CHOL   ROH 2305   4.087   2.729   3.231  0.0433  0.0170 -0.1048
  203CHOL    R1 2306   4.014   2.655   3.494 -0.0803  0.1130 -0.1119
  203CHOL    R2 2307   3.752   2.662   3.584 -0.1349  0.0352 -0.2789
  203CHOL    R3 2308   3.801   2.403   3.647 -0.0534  0.0865 -0.1133
  203CHOL    R4 2309   3.567   2.475   3.807 -0.3051  0.0279 -0.4194
  203CHOL    R5 2310   3.752   2.389   3.881 -0.3300  0.1639 -0.1545
  203CHOL    C1 2311   3.505   2.123   3.997 -0.3276  0.0717 -0.3458
  203CHOL    C2 2312   3.439   1.859   4.265  0.1489 -0.0328 -0.1182
  204CHOL   ROH 2313  10.286   6.340   3.577 -0.0654  0.0232  0.0346
  204CHOL    R1 2314  10.267   6.246   3.844 -0.1189  0.0371  0.0349
  204CHOL    R2 2315  10.442   6.327   4.044 -0.1305  0.0110  0.0523
  204CHOL    R3 2316  10.211   6.394   4.172 -0.1352  0.0595  0.0222
  204CHOL    R4 2317  10.397   6.336   4.387 -0.1419  0.1574  0.0500
  204CHOL    R5 2318  10.202   6.249   4.360 -0.1375  0.1407  0.0846
  204CHOL    C1 2319  10.155   6.403   4.706 -0.1528  0.2880  0.0204
  204CHOL    C2 2320   9.814   6.369   5.072  0.2344  0.2744 -0.0226
  205CHOL   ROH 2321   9.366   8.728   3.269  0.0157  0.1352  0.0801
  205CHOL    R1 2322   9.274   8.641   3.522  0.1302  0.0746  0.1044
  205CHOL    R2 2323   9.443   8.609   3.739  0.2109  0.1838  0.0771
  205CHOL    R3 2324   9.265   8.775   3.861  0.1278  0.0782  0.0977
  205CHOL    R4 2325   9.399   8.635   4.081  0.2915  0.2634  0.0812
  205CHOL    R5 2326   9.184   8.649   4.047  0.2844  0.0876  0.1579
  205CHOL    C1 2327   9.206   8.806   4.394  0.2604  0.2106  0.1029
  205CHOL    C2 2328   8.999   8.670   4.592 -0.0128  0.3816 -0.0362
  206CHOL   ROH 2329  12.230   3.481   3.861  0.1333 -0.0231  0.0746
  206CHOL    R1 2330  12.274   3.568   4.127  0.0657  0.0188  0.0752
  206CHOL    R2 2331  12.073   3.572   4.320  0.0283 -0.0228  0.0533
  206CHOL    R3 2332  12.251   3.423   4.460  0.0557  0.0415  0.0811
  206CHOL    R4 2333  12.077   3.538   4.663  0.1471  0.1655  0.0712
  206CHOL    R5 2334  12.293   3.549   4.658  0.1366  0.1403 -0.0058
  206CHOL    C1 2335  12.246   3.378   4.995  0.2419  0.3355  0.1077
  206CHOL    C2 2336  12.150   3.292   5.331  0.0893 -0.4771  0.1860
  207CHOL   ROH 2337  12.006   1.033   6.780 -0.0790 -0.0704  0.1789
  207CHOL    R1 2338  12.005   1.116   6.509 -0.0131  0.1328  0.2400
  207CHOL    R2 2339  12.198   1.034   6.327 -0.1014  0.0861  0.1836
  207CHOL    R3 2340  11.981   0.954   6.185 -0.1821  0.3961  0.1111
  207CHOL    R4 2341  12.188   0.989   5.984  0.1234 -0.3298  0.2158
  207CHOL    R5 2342  11.992   1.078   5.982  0.2953  0.1405 -0.0619
  207CHOL    C1 2343  11.978   0.888   5.652  0.1786 -0.2810  0.1665
  207CHOL    C2 2344  12.012   0.775   5.318  0.5402 -0.1127  0.1701
  208CHOL   ROH 2345  10.109   6.572   6.849 -0.1073  0.2210  0.1077
  208CHOL    R1 2346  10.166   6.458   6.596 -0.1910  0.0220  0.1695
  208CHOL    R2 2347  10.042   6.540   6.364 -0.1282 -0.0100  0.1013
  208CHOL    R3 2348  10.297   6.575   6.277 -0.0929 -0.2575  0.1072
  208CHOL    R4 2349  10.136   6.561   6.032 -0.0671 -0.1532  0.1122
  208CHOL    R5 2350  10.311   6.440   6.080 -0.1899 -0.2956  0.1402
  208CHOL    C1 2351  10.430   6.606   5.758  0.0017 -0.4691  0.1240
  208CHOL    C2 2352  10.480   6.676   5.471 -0.1902 -0.1189  0.2035
  209CHOL   ROH 2353   2.159   5.467   4.125 -0.2118  0.0535  0.1292
  209CHOL    R1 2354   2.125   5.328   4.369 -0.1673  0.0106  0.1141
  209CHOL    R2 2355   2.132   5.051   4.386 -0.2169 -0.0064  0.0605
  209CHOL    R3 2356   2.324   5.100   4.572 -0.1486 -0.0683  0.0027
  209CHOL    R4 2357   2.263   4.818   4.605 -0.3961  0.0192  0.1954
  209CHOL    R5 2358   2.261   4.969   4.761 -0.2373  0.1132  0.0935
  209CHOL    C1 2359   2.519   4.729   4.908 -0.4364 -0.0240  0.2197
  209CHOL    C2 2360   2.909   4.569   4.876  0.1072  0.2909  0.2344
  210CHOL   ROH 2361   5.452   1.425   3.477 -0.0484 -0.0560 -0.0434
  210CHOL    R1 2362   5.589   1.342   3.710 -0.2447 -0.0772  0.0682
  210CHOL    R2 2363   5.834   1.449   3.785 -0.1416 -0.3271  0.0943
  210CHOL    R3 2364   5.703   1.499   4.018 -0.1808 -0.0151  0.0150
  210CHOL    R4 2365   5.987   1.505   4.090 -0.1858 -0.2385  0.1012
  210CHOL    R5 2366   5.832   1.385   4.184 -0.3434 -0.0190  0.1484
  210CHOL    C1 2367   5.953   1.584   4.486 -0.2484  0.1060  0.0308
  210CHOL    C2 2368   5.949   1.997   4.609 -0.1130 -0.0769  0.5189
  211CHOL   ROH 2369   4.941   1.838   5.663  0.0532  0.0570 -0.0804
  211CHOL    R1 2370   4.885   1.805   5.387  0.1782 -0.0257 -0.0989
  211CHOL    R2 2371   4.696   1.958   5.253 -0.0614 -0.3276 -0.1418
  211CHOL    R3 2372   4.904   2.011   5.088 -0.0898  0.0370 -0.0751
  211CHOL    R4 2373   4.668   2.068   4.927 -0.1373 -0.3674 -0.1481
  211CHOL    R5 2374   4.831   1.937   4.873  0.1109 -0.0868 -0.0987
  211CHOL    C1 2375   4.848   2.182   4.582 -0.2081 -0.0483 -0.0890
  211CHOL    C2 2376   4.947   2.504   4.392  0.2854  0.1216 -0.1894
  212CHOL   ROH 2377   4.158   4.212   5.904  0.0223  0.1632 -0.1006
  212CHOL    R1 2378   4.241   4.087   5.663 -0.0636  0.1199 -0.1100
  212CHOL    R2 2379   4.128   4.147   5.418 -0.1074  0.1277 -0.0976
  212CHOL    R3 2380   4.387   4.193   5.347 -0.1107  0.0600 -0.1490
  212CHOL    R4 2381   4.260   4.092   5.103 -0.1445  0.0093 -0.0925
  212CHOL    R5 2382   4.440   4.014   5.197 -0.1533  0.0121 -0.0966
  212CHOL    C1 2383   4.579   4.103   4.853 -0.1693 -0.1232 -0.1378
  212CHOL    C2 2384   4.480   3.972   4.442  0.2693 -0.0648 -0.1052
  213CHOL   ROH 2385  12.320   5.112   4.035  0.0750  0.0024 -0.0152
  213CHOL    R1 2386  12.252   5.028   4.297  0.0618 -0.0729 -0.0410
  213CHOL    R2 2387  12.415   4.861   4.448  0.1537  0.0295 -0.0044
  213CHOL    R3 2388  12.395   5.061   4.630 -0.0516  0.0118 -0.0036
  213CHOL    R4 2389  12.540   4.849   4.769  0.1537  0.1873  0.0024
  213CHOL    R5 2390  12.360   4.949   4.838  0.0609 -0.0018 -0.0045
  213CHOL    C1 2391  12.594   5.030   5.128 -0.0391  0.2625  0.0070
  213CHOL    C2 2392  12.415   4.935   5.408  0.1118  0.3660 -0.3116
  214CHOL   ROH 2393   7.022   0.060   2.860  0.2254 -0.2215 -0.0656
  214CHOL    R1 2394   7.096  -0.023   3.121  0.2135 -0.1930 -0.0478
  214CHOL    R2 2395   7.332   0.057   3.243  0.1895 -0.1058  0.0027
  214CHOL    R3 2396   7.164   0.138   3.440  0.1080 -0.1495 -0.0558
  214CHOL    R4 2397   7.404   0.051   3.580  0.0496 -0.0127  0.0315
  214CHOL    R5 2398   7.201  -0.016   3.618  0.0948 -0.0782 -0.0218
  214CHOL    C1 2399   7.287   0.124   3.962 -0.1084  0.0006 -0.0067
  214CHOL    C2 2400   7.113  -0.077   4.154 -0.0894 -0.1581 -0.0857
  215CHOL   ROH 2401   7.152   7.272   6.481  0.0669 -0.1011  0.0328
  215CHOL    R1 2402   7.285   7.320   6.235  0.1548 -0.0827  0.0845
  215CHOL    R2 2403   7.464   7.138   6.124  0.0293 -0.1709  0.0358
  215CHOL    R3 2404   7.299   7.160   5.909  0.0914  0.0691  0.0035
  215CHOL    R4 2405   7.565   7.175   5.795  0.1509 -0.3462  0.0488
  215CHOL    R5 2406   7.405   7.316   5.765  0.3642 -0.0939  0.0091
  215CHOL    C1 2407   7.468   7.216   5.403  0.2801 -0.2230  0.0259
  215CHOL    C2 2408   7.548   7.222   5.007  0.2023  0.0798 -0.0840
  216CHOL   ROH 2409   2.448   0.032   5.963  0.3084  0.0912 -0.0703
  216CHOL    R1 2410   2.406   0.188   5.731  0.2974  0.0508 -0.0911
  216CHOL    R2 2411   2.295   0.085   5.499  0.1395  0.0575  0.0027
  216CHOL    R3 2412   2.122   0.292   5.529  0.2700  0.1752 -0.0019
  216CHOL    R4 2413   2.045   0.166   5.276 -0.1407 -0.1541  0.2200
  216CHOL    R5 2414   2.092   0.376   5.307  0.0105 -0.1036 -0.1049
  216CHOL    C1 2415   1.736   0.407   5.173 -0.1813 -0.1667  0.3423
  216CHOL    C2 2416   1.426   0.649   5.122 -0.0419 -0.0872 -0.1896
  217CHOL   ROH 2417   3.688   1.613   5.840 -0.0431  0.0667 -0.1650
  217CHOL    R1 2418   3.520   1.423   5.713 -0.0773  0.1278 -0.2102
  217CHOL    R2 2419   3.513   1.390   5.438  0.1328  0.0009 -0.2001
  217CHOL    R3 2420   3.565   1.131   5.501 -0.1112 -0.0152 -0.0282
  217CHOL    R4 2421   3.394   1.117   5.263  0.1723  0.0173 -0.2548
  217CHOL    R5 2422   3.361   1.016   5.453 -0.1385  0.1045 -0.2460
  217CHOL    C1 2423   3.374   0.715   5.220 -0.0338  0.0118 -0.1253
  217CHOL    C2 2424   3.291   0.432   5.235  0.0983  0.5740 -0.0592
  218CHOL   ROH 2425  12.358   5.702   6.862 -0.3724 -0.1724 -0.0539
  218CHOL    R1 2426  12.435   5.556   6.631 -0.2471  0.1136 -0.2027
  218CHOL    R2 2427  12.421   5.280   6.618  0.2414  0.0839 -0.3731
  218CHOL    R3 2428  12.273   5.331   6.396  0.0046 -0.0286 -0.2495
  218CHOL    R4 2429  12.331   5.045   6.381  0.1902 -0.0046 -0.2685
  218CHOL    R5 2430  12.369   5.193   6.227 -0.0441  0.0174 -0.3233
  218CHOL    C1 2431  12.139   4.956   6.035 -0.0618 -0.1617 -0.0916
  218CHOL    C2 2432  12.237   4.679   5.853 -0.0406  0.0750  0.0243
  219CHOL   ROH 2433   5.745   0.274   5.975 -0.0287 -0.0574  0.0903
  219CHOL    R1 2434   5.687   0.157   5.723 -0.0980  0.0012  0.0790
  219CHOL    R2 2435   5.637   0.308   5.496  0.0453  0.0529  0.0843
  219CHOL    R3 2436   5.836   0.156   5.392 -0.0657 -0.1031  0.0920
  219CHOL    R4 2437   5.730   0.302   5.163  0.1328  0.0920  0.1069
  219CHOL    R5 2438   5.755   0.087   5.178 -0.0769  0.0532  0.0393
  219CHOL    C1 2439   5.970   0.155   4.872  0.0795 -0.0317  0.1273
  219CHOL    C2 2440   6.266   0.166   4.557 -0.0396  0.1371  0.1523
  220CHOL   ROH 2441  10.264   8.540   6.759  0.1363 -0.0605  0.0634
  220CHOL    R1 2442  10.399   8.495   6.514  0.0124  0.1438 -0.0468
  220CHOL    R2 2443  10.415   8.245   6.395  0.3198  0.1533 -0.0313
  220CHOL    R3 2444  10.311   8.376   6.182 -0.0765 -0.0238  0.0329
  220CHOL    R4 2445  10.467   8.158   6.065  0.1962  0.2034 -0.0661
  220CHOL    R5 2446  10.484   8.369   6.017 -0.1842  0.2434 -0.1085
  220CHOL    C1 2447  10.399   8.231   5.672 -0.2479  0.0664 -0.0261
  220CHOL    C2 2448  10.400   8.284   5.212 -0.1502 -0.0758 -0.1118
  221CHOL   ROH 2449   2.949   6.063   5.805 -0.0274  0.1820  0.1595
  221CHOL    R1 2450   2.708   6.019   5.662  0.0292  0.0104  0.1141
  221CHOL    R2 2451   2.688   6.056   5.389  0.0403  0.0632  0.1304
  221CHOL    R3 2452   2.595   5.801   5.394  0.2480 -0.0206  0.0382
  221CHOL    R4 2453   2.540   5.896   5.122 -0.0319  0.1439  0.1200
  221CHOL    R5 2454   2.396   5.807   5.261  0.1309 -0.0701  0.1864
  221CHOL    C1 2455   2.367   5.562   4.970  0.1210  0.1123  0.0274
  221CHOL    C2 2456   2.401   5.641   4.662 -0.0097  0.1195 -0.0267
  222CHOL   ROH 2457  13.424   2.635   6.897  0.0103  0.1904  0.1776
  222CHOL    R1 2458  13.421   2.671   6.616  0.1148  0.0450  0.1528
  222CHOL    R2 2459  13.187   2.699   6.471  0.1617 -0.0022  0.0459
  222CHOL    R3 2460  13.307   2.927   6.384  0.2218 -0.0610 -0.0173
  222CHOL    R4 2461  13.113   2.859   6.174  0.0392  0.0708  0.1170
  222CHOL    R5 2462  13.326   2.897   6.147  0.0355 -0.0434 -0.0315
  222CHOL    C1 2463  13.182   3.166   5.919  0.0244  0.0581  0.0991
  222CHOL    C2 2464  13.313   3.437   5.678 -0.3151 -0.1848 -0.1181
  223CHOL   ROH 2465   8.439   0.206   6.475  0.0914  0.0446 -0.1203
  223CHOL    R1 2466   8.381   0.178   6.199  0.1304  0.0530 -0.1305
  223CHOL    R2 2467   8.578   0.165   6.006  0.1652 -0.0785 -0.0930
  223CHOL    R3 2468   8.451  -0.065   5.938  0.0453 -0.0115 -0.0923
  223CHOL    R4 2469   8.602   0.011   5.697  0.1061 -0.1067 -0.0825
  223CHOL    R5 2470   8.388  -0.033   5.709  0.0820  0.0112 -0.0978
  223CHOL    C1 2471   8.496  -0.295   5.454 -0.0409 -0.0602 -0.0757
  223CHOL    C2 2472   8.435  -0.303   5.015 -0.1094  0.1099 -0.3395
  224CHOL   ROH 2473   8.508   4.272   3.334  0.0921  0.1662  0.1908
  224CHOL    R1 2474   8.317   4.238   3.540  0.0455  0.0532  0.1360
  224CHOL    R2 2475   8.315   4.017   3.707  0.1757  0.0745  0.2023
  224CHOL    R3 2476   8.323   4.206   3.902 -0.0349  0.1459  0.1401
  224CHOL    R4 2477   8.173   3.987   4.021  0.2556  0.0358  0.2316
  224CHOL    R5 2478   8.110   4.193   4.008  0.0092 -0.0619  0.1733
  224CHOL    C1 2479   8.098   4.147   4.386  0.1043  0.0803  0.1902
  224CHOL    C2 2480   8.088   3.766   4.484 -0.0348 -0.1398 -0.2762
  225CHOL   ROH 2481  12.099   2.981   3.944 -0.2105 -0.0030  0.0142
  225CHOL    R1 2482  12.148   3.039   4.217 -0.2487 -0.0173  0.0206
  225CHOL    R2 2483  12.028   2.901   4.422  0.0453 -0.3105 -0.0131
  225CHOL    R3 2484  12.284   2.864   4.505  0.1422  0.1116 -0.0664
  225CHOL    R4 2485  12.129   2.924   4.751 -0.0366 -0.4435  0.0248
  225CHOL    R5 2486  12.310   3.027   4.681 -0.2089  0.0163  0.1148
  225CHOL    C1 2487  12.428   2.902   5.022  0.0066 -0.1247 -0.0031
  225CHOL    C2 2488  12.625   3.006   5.238  0.0992  0.2178 -0.0066
  226CHOL   ROH 2489   5.750   7.348   3.155  0.0951  0.0064  0.0849
  226CHOL    R1 2490   5.597   7.310   3.390  0.0466  0.0017  0.0504
  226CHOL    R2 2491   5.692   7.169   3.608  0.0688  0.1542  0.1276
  226CHOL    R3 2492   5.627   7.396   3.742 -0.1263  0.1617  0.0330
  226CHOL    R4 2493   5.641   7.188   3.949  0.2198  0.2542  0.1481
  226CHOL    R5 2494   5.474   7.323   3.911  0.0301  0.0545  0.1494
  226CHOL    C1 2495   5.550   7.413   4.274  0.1245  0.3194  0.0711
  226CHOL    C2 2496   5.617   7.238   4.665 -0.0870  0.1934  0.1846
  227CHOL   ROH 2497   9.033   6.974   6.479  0.0656 -0.0335  0.0264
  227CHOL    R1 2498   9.042   6.841   6.228  0.0288 -0.0051  0.0123
  227CHOL    R2 2499   8.912   6.937   6.002  0.0262  0.0325  0.0466
  227CHOL    R3 2500   9.160   6.918   5.893  0.0091  0.0106  0.0039
  227CHOL    R4 2501   8.979   6.857   5.673 -0.0699  0.0563  0.0188
  227CHOL    R5 2502   9.145   6.736   5.741 -0.0615  0.0157 -0.0161
  227CHOL    C1 2503   9.251   6.793   5.379 -0.1418  0.0496 -0.0375
  227CHOL    C2 2504   9.487   6.696   5.284 -0.0790  0.0550  0.1149
  228CHOL   ROH 2505   7.895   3.117   6.637  0.3014 -0.1554  0.0213
  228CHOL    R1 2506   7.995   3.241   6.401 -0.0525 -0.0492 -0.0907
  228CHOL    R2 2507   8.223   3.149   6.269  0.1054  0.3199 -0.1190
  228CHOL    R3 2508   8.053   3.141   6.057 -0.0208 -0.1370 -0.0713
  228CHOL    R4 2509   8.318   3.149   5.937 -0.0339  0.3451 -0.1612
  228CHOL    R5 2510   8.153   3.282   5.894 -0.3649  0.0219 -0.1850
  228CHOL    C1 2511   8.214   3.141   5.545 -0.2334 -0.0692 -0.1410
  228CHOL    C2 2512   8.221   3.215   5.188  0.3884  0.2271 -0.1290
  229CHOL   ROH 2513  11.855   8.187   5.423 -0.0395  0.0633  0.0872
  229CHOL    R1 2514  12.137   8.218   5.411 -0.0398  0.0248  0.0131
  229CHOL    R2 2515  12.258   8.461   5.359 -0.0262  0.0119  0.0488
  229CHOL    R3 2516  12.389   8.408   5.591  0.0514 -0.0658 -0.0087
  229CHOL    R4 2517  12.554   8.610   5.458 -0.0264  0.0449  0.0056
  229CHOL    R5 2518  12.620   8.417   5.533  0.0403  0.0105 -0.0928
  229CHOL    C1 2519  12.849   8.646   5.734  0.0463 -0.0088 -0.0735
  229CHOL    C2 2520  13.154   8.968   5.623  0.0081  0.0688 -0.0266
  230CHOL   ROH 2521  10.196   3.748   3.713  0.2102 -0.0736  0.0035
  230CHOL    R1 2522  10.130   3.639   3.966  0.0995  0.0170  0.0168
  230CHOL    R2 2523  10.312   3.497   4.120 -0.0222 -0.0982  0.0609
  230CHOL    R3 2524  10.244   3.679   4.309  0.0962 -0.0130  0.0222
  230CHOL    R4 2525  10.314   3.439   4.460  0.0831  0.0089  0.0784
  230CHOL    R5 2526  10.129   3.552   4.476  0.1174  0.0698  0.1048
  230CHOL    C1 2527  10.251   3.576   4.836  0.2556  0.1514  0.0522
  230CHOL    C2 2528  10.329   3.518   5.129 -0.0237 -0.0459  0.0221
  231CHOL   ROH 2529  13.191   2.954   3.976  0.2750 -0.1386 -0.0289
  231CHOL    R1 2530  13.258   3.090   4.215  0.1213 -0.0894 -0.0122
  231CHOL    R2 2531  13.123   3.049   4.452  0.0110 -0.0910 -0.0745
  231CHOL    R3 2532  13.372   2.999   4.549 -0.0227 -0.0163  0.0585
  231CHOL    R4 2533  13.201   3.020   4.787 -0.1812 -0.2216 -0.0372
  231CHOL    R5 2534  13.385   3.132   4.749 -0.2103 -0.1106  0.1361
  231CHOL    C1 2535  13.480   2.956   5.074 -0.3248 -0.2276  0.1093
  231CHOL    C2 2536  13.134   3.141   5.308  0.2140  0.2070 -0.2575
  232CHOL   ROH 2537  12.231   8.505   3.464 -0.0129  0.2144 -0.0779
  232CHOL    R1 2538  12.234   8.407   3.730 -0.0889  0.0395 -0.1387
  232CHOL    R2 2539  12.401   8.510   3.926 -0.0103 -0.2127 -0.0672
  232CHOL    R3 2540  12.168   8.540   4.062  0.0117 -0.1223 -0.0503
  232CHOL    R4 2541  12.377   8.563   4.266  0.0479 -0.0849 -0.0826
  232CHOL    R5 2542  12.206   8.429   4.270  0.0217 -0.0556 -0.0134
  232CHOL    C1 2543  12.145   8.623   4.592  0.1023  0.0743 -0.0758
  232CHOL    C2 2544  12.246   8.732   4.897 -0.2095 -0.1631 -0.0470
  233CHOL   ROH 2545   0.566   6.272   3.734  0.2325 -0.2278 -0.0124
  233CHOL    R1 2546   0.659   6.203   3.992  0.1844  0.1448  0.1177
  233CHOL    R2 2547   0.594   6.348   4.218 -0.3549  0.1609 -0.0158
  233CHOL    R3 2548   0.510   6.106   4.310  0.1140 -0.0021  0.0402
  233CHOL    R4 2549   0.526   6.275   4.549 -0.5900  0.2302 -0.0441
  233CHOL    R5 2550   0.621   6.080   4.520 -0.0677  0.4183  0.2043
  233CHOL    C1 2551   0.408   6.005   4.828 -0.2867  0.1175 -0.0080
  233CHOL    C2 2552   0.151   6.032   5.218  0.1700  0.0231 -0.0800
  234CHOL   ROH 2553   8.352   2.191   6.562  0.0337  0.1067  0.1279
  234CHOL    R1 2554   8.409   2.266   6.295 -0.0087  0.0376  0.1013
  234CHOL    R2 2555   8.548   2.100   6.120 -0.0835 -0.0202  0.1156
  234CHOL    R3 2556   8.329   2.139   5.964 -0.0998 -0.0119  0.1370
  234CHOL    R4 2557   8.549   2.129   5.776 -0.0809  0.0227  0.1172
  234CHOL    R5 2558   8.402   2.286   5.791 -0.1000  0.0241  0.1507
  234CHOL    C1 2559   8.345   2.183   5.429 -0.0947  0.0554  0.1382
  234CHOL    C2 2560   8.482   2.155   5.001  0.1138  0.0855  0.1616
  235CHOL   ROH 2561  13.152   5.923   3.605 -0.1302 -0.2318  0.0630
  235CHOL    R1 2562  13.051   5.983   3.863 -0.1418 -0.1592  0.0430
  235CHOL    R2 2563  12.881   5.813   4.001 -0.0860 -0.1607  0.1184
  235CHOL    R3 2564  13.070   5.834   4.195 -0.0835 -0.0222  0.1020
  235CHOL    R4 2565  12.861   5.665   4.312  0.0732 -0.2135  0.1042
  235CHOL    R5 2566  12.944   5.846   4.398 -0.0731 -0.1524  0.1153
  235CHOL    C1 2567  13.027   5.598   4.676  0.1683 -0.1141  0.0806
  235CHOL    C2 2568  13.106   5.733   5.076 -0.0713  0.0289  0.2355
  236CHOL   ROH 2569  11.544   4.264   4.099 -0.2247  0.1359 -0.1665
  236CHOL    R1 2570  11.563   4.339   4.372 -0.4406  0.0217 -0.1124
  236CHOL    R2 2571  11.393   4.238   4.569 -0.2840 -0.4765 -0.1851
  236CHOL    R3 2572  11.628   4.171   4.687 -0.1376 -0.0500 -0.2128
  236CHOL    R4 2573  11.458   4.244   4.908 -0.2524 -0.4477 -0.1942
  236CHOL    R5 2574  11.653   4.323   4.866 -0.4133 -0.0565 -0.1795
  236CHOL    C1 2575  11.717   4.186   5.215 -0.0966 -0.0306 -0.2256
  236CHOL    C2 2576  11.875   4.488   5.410  0.2978  0.1103 -0.1851
  237CHOL   ROH 2577   8.513   0.102   3.172 -0.0418  0.1850 -0.1015
  237CHOL    R1 2578   8.447   0.014   3.434  0.1954  0.1414 -0.0497
  237CHOL    R2 2579   8.561   0.126   3.663  0.1005  0.4047 -0.1096
  237CHOL    R3 2580   8.301   0.163   3.731  0.0467 -0.0106 -0.0501
  237CHOL    R4 2581   8.439   0.150   3.985  0.1894  0.6269 -0.0911
  237CHOL    R5 2582   8.269   0.032   3.927  0.3896  0.2030  0.1547
  237CHOL    C1 2583   8.124   0.199   4.237  0.1908  0.3664 -0.0244
  237CHOL    C2 2584   7.976   0.308   4.550  0.2245  0.0397 -0.4003
  238CHOL   ROH 2585   8.042   0.949   2.953  0.1361  0.3623  0.0605
  238CHOL    R1 2586   7.906   0.857   3.184  0.1155  0.1315 -0.0380
  238CHOL    R2 2587   8.032   0.822   3.428  0.0674  0.0194 -0.0221
  238CHOL    R3 2588   7.833   0.984   3.516 -0.0357 -0.1348  0.0350
  238CHOL    R4 2589   8.013   0.956   3.745  0.0980  0.0889 -0.0498
  238CHOL    R5 2590   7.799   0.918   3.744  0.1333 -0.1032  0.0671
  238CHOL    C1 2591   7.815   1.186   4.014  0.0191 -0.0154 -0.0124
  238CHOL    C2 2592   7.709   1.314   4.355  0.3223  0.1351 -0.0204
  239CHOL   ROH 2593   6.637   5.472   6.507  0.0268  0.1236  0.0185
  239CHOL    R1 2594   6.770   5.541   6.266  0.0713  0.0610  0.0306
  239CHOL    R2 2595   6.863   5.351   6.088 -0.1387  0.0286 -0.0131
  239CHOL    R3 2596   6.713   5.492   5.910 -0.0008  0.2247  0.0110
  239CHOL    R4 2597   6.849   5.292   5.748 -0.4191 -0.1438  0.0172
  239CHOL    R5 2598   6.848   5.506   5.714 -0.0504 -0.1220 -0.0826
  239CHOL    C1 2599   6.700   5.390   5.383 -0.4529 -0.0601  0.0575
  239CHOL    C2 2600   6.538   5.189   5.002  0.0303  0.0843  0.2677
  240CHOL   ROH 2601   8.643   4.845   6.734 -0.0187 -0.0329 -0.0592
  240CHOL    R1 2602   8.607   4.973   6.484 -0.1024 -0.0100 -0.0389
  240CHOL    R2 2603   8.817   5.024   6.309 -0.1127  0.2085 -0.0188
  240CHOL    R3 2604   8.659   4.889   6.134  0.0126  0.0956 -0.0432
  240CHOL    R4 2605   8.762   5.115   5.981 -0.2824  0.2461  0.0206
  240CHOL    R5 2606   8.554   5.060   6.005 -0.2039  0.0055  0.0306
  240CHOL    C1 2607   8.581   5.042   5.625 -0.2636  0.1620  0.0207
  240CHOL    C2 2608   8.804   5.124   5.295 -0.0143  0.0637 -0.0184
  241CHOL   ROH 2609   9.553   0.986   6.832 -0.1738 -0.0140 -0.1296
  241CHOL    R1 2610   9.697   0.987   6.588 -0.0719  0.0524 -0.0708
  241CHOL    R2 2611   9.635   0.818   6.376  0.1640 -0.0640 -0.0606
  241CHOL    R3 2612   9.623   1.052   6.238  0.0078 -0.1030 -0.1157
  241CHOL    R4 2613   9.655   0.849   6.033  0.1441 -0.1074 -0.0661
  241CHOL    R5 2614   9.778   1.025   6.059  0.0202 -0.0263 -0.1071
  241CHOL    C1 2615   9.655   1.086   5.703 -0.0141 -0.1693 -0.1211
  241CHOL    C2 2616   9.946   1.167   5.488 -0.0101  0.0270  0.0912
  242CHOL   ROH 2617  12.066   8.252   6.964  0.1143  0.0747  0.0078
  242CHOL    R1 2618  12.265   8.232   6.763  0.1342 -0.1609  0.0453
  242CHOL    R2 2619  12.306   8.002   6.616 -0.3229 -0.1333 -0.1556
  242CHOL    R3 2620  12.273   8.170   6.405  0.0798  0.1520 -0.0172
  242CHOL    R4 2621  12.431   7.946   6.299 -0.5348 -0.2382 -0.2252
  242CHOL    R5 2622  12.482   8.158   6.287  0.0520 -0.3311 -0.0607
  242CHOL    C1 2623  12.474   8.070   5.916 -0.2801 -0.0315 -0.1359
  242CHOL    C2 2624  12.463   7.866   5.568 -0.2088  0.0721 -0.0265
  243CHOL   ROH 2625   4.709   0.901   5.944 -0.1899  0.3073  0.0190
  243CHOL    R1 2626   4.845   0.872   5.697 -0.1200  0.2346  0.0646
  243CHOL    R2 2627   4.745   0.720   5.487 -0.0191  0.1072  0.1103
  243CHOL    R3 2628   4.778   0.951   5.348 -0.0567  0.0509  0.0068
  243CHOL    R4 2629   4.733   0.747   5.143 -0.1197 -0.0518  0.1004
  243CHOL    R5 2630   4.900   0.886   5.153 -0.1096 -0.0424 -0.0032
  243CHOL    C1 2631   4.756   0.979   4.812 -0.2136 -0.1973 -0.0025
  243CHOL    C2 2632   5.014   1.076   4.542 -0.2741 -0.1404 -0.0795
  244CHOL   ROH 2633   3.902   2.531   5.692 -0.1752  0.0640  0.0468
  244CHOL    R1 2634   4.007   2.549   5.429 -0.0918  0.0758  0.0803
  244CHOL    R2 2635   3.858   2.482   5.205 -0.0119  0.0616  0.0329
  244CHOL    R3 2636   3.927   2.733   5.126 -0.0119  0.0687  0.0539
  244CHOL    R4 2637   3.924   2.575   4.879 -0.0431  0.0917  0.0350
  244CHOL    R5 2638   4.088   2.698   4.952 -0.0298  0.0798  0.0327
  244CHOL    C1 2639   4.027   2.865   4.615 -0.0614  0.1160  0.0559
  244CHOL    C2 2640   4.035   3.047   4.406  0.0422  0.3142  0.1787
  245CHOL   ROH 2641   9.420   1.390   3.072  0.1468  0.0989  0.1508
  245CHOL    R1 2642   9.312   1.238   3.285  0.0774  0.0911  0.1089
  245CHOL    R2 2643   9.470   1.096   3.462  0.0181  0.0524  0.1284
  245CHOL    R3 2644   9.333   1.240   3.649 -0.0070  0.0504  0.1141
  245CHOL    R4 2645   9.511   1.066   3.804  0.0187  0.1071  0.1352
  245CHOL    R5 2646   9.295   1.085   3.827  0.0186  0.0701  0.1343
  245CHOL    C1 2647   9.407   1.184   4.178 -0.0045  0.1371  0.1257
  245CHOL    C2 2648   9.432   1.099   4.556  0.0639 -0.1616  0.1693
  246CHOL   ROH 2649  12.621   1.637   3.456 -0.0844 -0.0159  0.0356
  246CHOL    R1 2650  12.564   1.801   3.681 -0.0641 -0.1876  0.1655
  246CHOL    R2 2651  12.606   1.717   3.943  0.2945 -0.2633  0.0766
  246CHOL    R3 2652  12.752   1.944   3.957  0.0348 -0.0815  0.0514
  246CHOL    R4 2653  12.697   1.877   4.235  0.4560 -0.3959  0.1059
  246CHOL    R5 2654  12.657   2.066   4.138  0.0864 -0.3438  0.2856
  246CHOL    C1 2655  12.887   2.184   4.417  0.3062 -0.3023  0.0993
  246CHOL    C2 2656  12.891   2.187   4.709  0.1415  0.0018 -0.0027
  419CHOL   ROH 4721  11.933   4.114   4.318 -0.2243 -0.0320 -0.0185
  419CHOL    R1 4722  12.000   3.955   4.543 -0.3805 -0.0255  0.0326
  419CHOL    R2 4723  12.202   4.024   4.719 -0.1665 -0.2619 -0.1160
  419CHOL    R3 4724  12.004   3.997   4.904 -0.1293  0.1744  0.0133
  419CHOL    R4 4725  12.251   4.015   5.061  0.0216 -0.2645 -0.1390
  419CHOL    R5 4726  12.100   3.859   5.074 -0.2934  0.0200 -0.0105
  419CHOL    C1 4727  12.095   3.985   5.434  0.1660  0.1436 -0.0310
  419CHOL    C2 4728  12.106   4.045   5.826  0.3406  0.1663 -0.2672
  420CHOL   ROH 4729   0.553   2.700   6.810  0.1898 -0.2030  0.0960
  420CHOL    R1 4730   0.468   2.619   6.552  0.0284 -0.0149  0.0842
  420CHOL    R2 4731   0.356   2.793   6.370  0.1607  0.1867  0.1775
  420CHOL    R3 4732   0.553   2.701   6.208  0.0281  0.0327  0.0986
  420CHOL    R4 4733   0.356   2.822   6.026  0.1722  0.3763  0.1906
  420CHOL    R5 4734   0.436   2.619   6.015 -0.0848  0.2866  0.0624
  420CHOL    C1 4735   0.541   2.752   5.673  0.0544  0.3420  0.1242
  420CHOL    C2 4736   0.515   2.701   5.239 -0.0311  0.0741 -0.1757
  421CHOL   ROH 4737   9.776   7.539   3.073 -0.0877 -0.0024 -0.0937
  421CHOL    R1 4738   9.723   7.335   3.262 -0.1208  0.0897 -0.0038
  421CHOL    R2 4739   9.909   7.253   3.449 -0.1157  0.0986 -0.0233
  421CHOL    R3 4740   9.708   7.306   3.624 -0.0545  0.2258  0.0154
  421CHOL    R4 4741   9.945   7.259   3.792 -0.0306 -0.0027 -0.0284
  421CHOL    R5 4742   9.751   7.158   3.809 -0.1257  0.1384 -0.0203
  421CHOL    C1 4743   9.777   7.311   4.157  0.0764  0.0577  0.0048
  421CHOL    C2 4744   9.834   7.365   4.486 -0.1065 -0.1514 -0.1225
  422CHOL   ROH 4745   4.331   5.205   6.182  0.0023  0.0158  0.0054
  422CHOL    R1 4746   4.453   5.174   5.929  0.1046  0.0417  0.0510
  422CHOL    R2 4747   4.308   5.129   5.699  0.2095 -0.4179  0.0560
  422CHOL    R3 4748   4.445   5.346   5.608 -0.1762 -0.2133 -0.0886
  422CHOL    R4 4749   4.384   5.189   5.367  0.1683 -0.5419  0.0222
  422CHOL    R5 4750   4.581   5.259   5.431  0.0351 -0.1080  0.0154
  422CHOL    C1 4751   4.558   5.427   5.089 -0.2178 -0.4220 -0.1332
  422CHOL    C2 4752   4.549   5.440   4.737  0.0154  0.1130 -0.0793
  423CHOL   ROH 4753  11.229   8.855   3.101 -0.1713  0.0294 -0.0417
  423CHOL    R1 4754  11.113   8.752   3.338 -0.1372  0.0113 -0.0365
  423CHOL    R2 4755  11.225   8.543   3.482 -0.1647 -0.0463 -0.1241
  423CHOL    R3 4756  11.211   8.721   3.687 -0.0604 -0.0999 -0.0635
  423CHOL    R4 4757  11.186   8.460   3.815 -0.2698 -0.1495 -0.1572
  423CHOL    R5 4758  11.050   8.627   3.836 -0.1591 -0.0459 -0.1188
  423CHOL    C1 4759  11.150   8.578   4.201 -0.2331 -0.2600 -0.1197
  423CHOL    C2 4760  11.114   8.610   4.579 -0.0716  0.0429 -0.1126
  424CHOL   ROH 4761   3.836   6.442   6.024 -0.0915  0.1152 -0.0562
  424CHOL    R1 4762   3.997   6.360   5.806 -0.0245  0.1092 -0.0030
  424CHOL    R2 4763   3.963   6.115   5.678  0.0363  0.0960  0.0193
  424CHOL    R3 4764   3.944   6.272   5.458  0.0814  0.0645 -0.0109
  424CHOL    R4 4765   3.958   6.002   5.352 -0.1348  0.0172  0.0450
  424CHOL    R5 4766   4.085   6.168   5.297 -0.0298 -0.0752 -0.0295
  424CHOL    C1 4767   3.938   6.084   4.955 -0.1921 -0.0582  0.0315
  424CHOL    C2 4768   3.622   5.868   4.825 -0.1842  0.1114  0.0508
  425CHOL   ROH 4769   8.468   7.935   3.083 -0.0899 -0.1057 -0.0405
  425CHOL    R1 4770   8.384   7.871   3.345  0.1066 -0.2828 -0.0151
  425CHOL    R2 4771   8.559   7.786   3.542  0.3690  0.1342 -0.0371
  425CHOL    R3 4772   8.451   7.992   3.682 -0.0934 -0.0761 -0.0470
  425CHOL    R4 4773   8.545   7.804   3.886  0.3454  0.1537 -0.0385
  425CHOL    R5 4774   8.344   7.887   3.869  0.1461 -0.2948 -0.0312
  425CHOL    C1 4775   8.436   8.007   4.219 -0.1025 -0.0324 -0.0486
  425CHOL    C2 4776   8.587   7.800   4.534 -0.1584 -0.0536  0.0687
  426CHOL   ROH 4777   7.586   8.741   6.370  0.0659  0.0294 -0.0334
  426CHOL    R1 4778   7.529   8.612   6.124 -0.0916  0.0167  0.0054
  426CHOL    R2 4779   7.366   8.725   5.932 -0.0656  0.1014  0.0153
  426CHOL    R3 4780   7.581   8.683   5.770 -0.1255 -0.0876 -0.0170
  426CHOL    R4 4781   7.353   8.727   5.587 -0.0670  0.2361  0.0160
  426CHOL    R5 4782   7.490   8.556   5.587 -0.2699  0.0849 -0.0568
  426CHOL    C1 4783   7.547   8.689   5.234 -0.1240  0.1370 -0.0139
  426CHOL    C2 4784   7.423   8.579   4.838 -0.2298 -0.2525 -0.0219
  427CHOL   ROH 4785   4.928   6.374   6.380 -0.0186 -0.0767 -0.1203
  427CHOL    R1 4786   5.019   6.259   6.138 -0.0708 -0.0552 -0.1464
  427CHOL    R2 4787   4.849   6.202   5.927 -0.0736  0.1728 -0.1880
  427CHOL    R3 4788   5.026   6.354   5.787  0.0781  0.0726 -0.1160
  427CHOL    R4 4789   4.870   6.212   5.582  0.0132  0.1855 -0.1856
  427CHOL    R5 4790   5.087   6.216   5.601  0.0303  0.0315 -0.1186
  427CHOL    C1 4791   5.049   6.360   5.250  0.2062  0.0987 -0.1165
  427CHOL    C2 4792   4.926   6.250   4.879 -0.3199 -0.4359 -0.2425
  428CHOL   ROH 4793  10.607   1.367   3.303 -0.2957 -0.0807  0.0607
  428CHOL    R1 4794  10.481   1.255   3.531 -0.0839 -0.1734  0.1424
  428CHOL    R2 4795  10.623   1.132   3.736  0.1522  0.0339  0.1427
  428CHOL    R3 4796  10.489   1.311   3.891  0.0018 -0.0571  0.1166
  428CHOL    R4 4797  10.601   1.118   4.080  0.2212  0.1582  0.1508
  428CHOL    R5 4798  10.393   1.179   4.065  0.1752 -0.0701  0.1804
  428CHOL    C1 4799  10.463   1.279   4.426  0.1202  0.1451  0.1311
  428CHOL    C2 4800  10.487   1.224   4.783  0.1794  0.3591  0.1180
  429CHOL   ROH 4801   6.587   5.690   3.119 -0.4641 -0.0830 -0.0984
  429CHOL    R1 4802   6.473   5.793   3.357 -0.3799 -0.2055 -0.0036
  429CHOL    R2 4803   6.302   5.645   3.517 -0.1272 -0.3719  0.1134
  429CHOL    R3 4804   6.481   5.709   3.710 -0.0424 -0.2283 -0.0077
  429CHOL    R4 4805   6.224   5.722   3.844 -0.0032 -0.1886  0.1031
  429CHOL    R5 4806   6.374   5.878   3.840 -0.0188 -0.1604 -0.0617
  429CHOL    C1 4807   6.347   5.828   4.216  0.1486  0.0529 -0.0167
  429CHOL    C2 4808   6.407   6.123   4.523 -0.2287 -0.0677 -0.0202
  430CHOL   ROH 4809  13.033   2.793   6.908  0.2558  0.0074  0.0674
  430CHOL    R1 4810  12.867   2.903   6.705  0.2466 -0.1355 -0.0100
  430CHOL    R2 4811  12.775   3.164   6.712 -0.1068 -0.2279  0.0239
  430CHOL    R3 4812  12.888   3.175   6.466  0.0767 -0.0181  0.1136
  430CHOL    R4 4813  12.661   3.360   6.452 -0.0657 -0.2533 -0.0103
  430CHOL    R5 4814  12.703   3.195   6.316  0.2004 -0.1442 -0.0356
  430CHOL    C1 4815  12.701   3.485   6.069  0.1306 -0.0711  0.0541
  430CHOL    C2 4816  12.903   3.761   5.862 -0.1665 -0.2988 -0.0105
  431CHOL   ROH 4817   9.808   8.373   3.122  0.0995 -0.2316  0.0737
  431CHOL    R1 4818   9.813   8.229   3.366  0.0818 -0.1111  0.1480
  431CHOL    R2 4819  10.002   8.276   3.564  0.1125 -0.0569  0.1163
  431CHOL    R3 4820   9.782   8.309   3.720  0.1274  0.0804  0.1088
  431CHOL    R4 4821  10.000   8.256   3.909  0.1023  0.1151  0.1267
  431CHOL    R5 4822   9.811   8.150   3.897  0.0795  0.1655  0.1861
  431CHOL    C1 4823   9.792   8.276   4.256  0.1104  0.3442  0.1258
  431CHOL    C2 4824   9.991   8.286   4.583 -0.0593 -0.0467 -0.0703
  432CHOL   ROH 4825  10.329   2.173   3.516 -0.0326 -0.0686  0.1710
  432CHOL    R1 4826  10.289   2.106   3.788 -0.0109 -0.0602  0.1751
  432CHOL    R2 4827  10.465   1.946   3.930  0.0202 -0.0129  0.1749
  432CHOL    R3 4828  10.468   2.157   4.101 -0.0147 -0.0092  0.1727
  432CHOL    R4 4829  10.486   1.922   4.274 -0.0615 -0.0325  0.1793
  432CHOL    R5 4830  10.341   2.084   4.289 -0.0691 -0.0192  0.1435
  432CHOL    C1 4831  10.500   2.107   4.635 -0.1419 -0.0404  0.1799
  432CHOL    C2 4832  10.501   2.213   4.990  0.2381  0.2345  0.0064
  433CHOL   ROH 4833   8.940   4.159   3.590 -0.0112 -0.1540 -0.0009
  433CHOL    R1 4834   8.746   4.153   3.797 -0.0174 -0.2345 -0.0118
  433CHOL    R2 4835   8.687   3.922   3.940  0.2422 -0.2032  0.1355
  433CHOL    R3 4836   8.743   4.080   4.153  0.0400  0.0060  0.0448
  433CHOL    R4 4837   8.557   3.884   4.258  0.4126 -0.3202  0.1969
  433CHOL    R5 4838   8.538   4.099   4.272  0.0241 -0.3219  0.1050
  433CHOL    C1 4839   8.534   4.012   4.642  0.3220 -0.1920  0.1475
  433CHOL    C2 4840   8.542   4.315   4.920 -0.3450 -0.1538 -0.0464
  434CHOL   ROH 4841  12.852   7.178   3.491  0.0273 -0.1043 -0.0907
  434CHOL    R1 4842  12.684   7.178   3.718  0.1182  0.1368 -0.0203
  434CHOL    R2 4843  12.648   6.954   3.875 -0.2021  0.1629 -0.0711
  434CHOL    R3 4844  12.723   7.121   4.076  0.1695 -0.0137 -0.0439
  434CHOL    R4 4845  12.544   6.924   4.203 -0.3906  0.3692 -0.1049
  434CHOL    R5 4846  12.526   7.142   4.211  0.1428  0.4579 -0.1016
  434CHOL    C1 4847  12.554   7.063   4.583 -0.1514  0.3236 -0.0990
  434CHOL    C2 4848  12.363   6.917   4.818  0.2098  0.1691  0.0975
  435CHOL   ROH 4849   5.874   0.712   6.017  0.1113  0.2243  0.1538
  435CHOL    R1 4850   5.857   0.642   5.744  0.0672 -0.0028  0.2110
  435CHOL    R2 4851   5.670   0.753   5.572  0.0292 -0.1574  0.1521
  435CHOL    R3 4852   5.890   0.814   5.425 -0.0020 -0.2605  0.0586
  435CHOL    R4 4853   5.665   0.861   5.244 -0.0721 -0.0158  0.1979
  435CHOL    R5 4854   5.839   0.736   5.205 -0.1827 -0.1323  0.0500
  435CHOL    C1 4855   5.869   0.982   4.915 -0.1604 -0.0302  0.1368
  435CHOL    C2 4856   6.084   1.105   4.627 -0.0787 -0.0438  0.0439
  436CHOL   ROH 4857  10.736   8.588   6.892  0.2161 -0.0430  0.1719
  436CHOL    R1 4858  10.873   8.577   6.644  0.1179 -0.1766  0.1197
  436CHOL    R2 4859  10.871   8.350   6.481 -0.1429 -0.1903  0.1231
  436CHOL    R3 4860  10.782   8.527   6.296 -0.0596 -0.1140  0.1565
  436CHOL    R4 4861  10.929   8.330   6.142 -0.0261 -0.0588  0.1343
  436CHOL    R5 4862  10.959   8.543   6.137 -0.0072 -0.0650  0.2256
  436CHOL    C1 4863  10.879   8.484   5.769  0.1202  0.0894  0.1722
  436CHOL    C2 4864  10.868   8.449   5.428  0.0177 -0.1261  0.2460
  437CHOL   ROH 4865   6.872   7.041   6.727 -0.0024  0.4625 -0.0643
  437CHOL    R1 4866   6.870   6.895   6.484 -0.0457  0.3119  0.0288
  437CHOL    R2 4867   6.752   6.991   6.253  0.0760  0.2542 -0.0353
  437CHOL    R3 4868   6.997   6.943   6.146  0.0715  0.0087  0.0145
  437CHOL    R4 4869   6.818   6.966   5.915  0.1108  0.3431 -0.0401
  437CHOL    R5 4870   6.953   6.801   5.959 -0.0766  0.1303 -0.0734
  437CHOL    C1 4871   7.087   6.906   5.618  0.1267  0.1643  0.0037
  437CHOL    C2 4872   6.981   6.917   5.267 -0.0625 -0.0475 -0.0622
  438CHOL   ROH 4873   0.424   6.682   6.340 -0.0111  0.0465 -0.0381
  438CHOL    R1 4874   0.387   6.499   6.127 -0.2248  0.0654 -0.0195
  438CHOL    R2 4875   0.188   6.530   5.936 -0.1787  0.2931 -0.0312
  438CHOL    R3 4876   0.396   6.511   5.764 -0.1852  0.0140 -0.0211
  438CHOL    R4 4877   0.160   6.520   5.592 -0.1742  0.6060 -0.0478
  438CHOL    R5 4878   0.317   6.370   5.589 -0.4550  0.2882 -0.1397
  438CHOL    C1 4879   0.339   6.496   5.230 -0.1777  0.5262 -0.0479
  438CHOL    C2 4880   0.233   6.430   4.905 -0.2592  0.1078 -0.0289
  439CHOL   ROH 4881  10.453   0.954   6.562 -0.0481 -0.0421  0.0032
  439CHOL    R1 4882  10.579   0.995   6.312  0.0070 -0.1467  0.0098
  439CHOL    R2 4883  10.599   0.797   6.119 -0.1053 -0.1826  0.0203
  439CHOL    R3 4884  10.482   0.984   5.961  0.0293 -0.1132  0.0045
  439CHOL    R4 4885  10.619   0.805   5.774  0.0192 -0.1345  0.0302
  439CHOL    R5 4886  10.640   1.021   5.786  0.1024 -0.1501  0.0680
  439CHOL    C1 4887  10.520   0.986   5.426  0.2179 -0.0413  0.0210
  439CHOL    C2 4888  10.591   0.788   5.146  0.1152 -0.0691  0.0221
  440CHOL   ROH 4889  11.143   6.560   3.674 -0.2252 -0.0802  0.1194
  440CHOL    R1 4890  11.248   6.704   3.894 -0.0953 -0.1780  0.1253
  440CHOL    R2 4891  11.087   6.817   4.090  0.0052 -0.1033  0.1756
  440CHOL    R3 4892  11.244   6.671   4.256 -0.0555 -0.2345  0.1190
  440CHOL    R4 4893  11.072   6.825   4.435  0.0932 -0.1607  0.1804
  440CHOL    R5 4894  11.289   6.817   4.440  0.0824 -0.3040  0.1349
  440CHOL    C1 4895  11.211   6.693   4.792  0.0874 -0.3173  0.1300
  440CHOL    C2 4896  11.387   6.550   5.137 -0.1010  0.0784  0.0597
  441CHOL   ROH 4897   6.637   6.884   3.336 -0.0173  0.0630  0.0393
  441CHOL    R1 4898   6.661   6.802   3.605  0.1492  0.1642  0.0569
  441CHOL    R2 4899   6.698   6.981   3.813 -0.1158  0.2800  0.0033
  441CHOL    R3 4900   6.479   6.856   3.916  0.0895 -0.0564  0.0657
  441CHOL    R4 4901   6.545   7.068   4.110 -0.2267  0.1397 -0.0091
  441CHOL    R5 4902   6.519   6.855   4.153  0.1295  0.0921  0.0672
  441CHOL    C1 4903   6.251   7.002   4.380 -0.0985 -0.2578  0.0422
  441CHOL    C2 4904   6.154   7.049   4.682  0.3983  0.0717 -0.2477
  442CHOL   ROH 4905   2.547   1.552   6.251 -0.1666  0.0947  0.0719
  442CHOL    R1 4906   2.489   1.569   5.974 -0.1102 -0.0425  0.0518
  442CHOL    R2 4907   2.420   1.807   5.852 -0.1289 -0.1184 -0.0654
  442CHOL    R3 4908   2.625   1.743   5.685 -0.0853 -0.1494 -0.0048
  442CHOL    R4 4909   2.426   1.878   5.514  0.0614  0.0769 -0.0278
  442CHOL    R5 4910   2.516   1.681   5.480 -0.0401  0.0308 -0.0956
  442CHOL    C1 4911   2.622   1.860   5.160  0.2130  0.1615  0.0510
  442CHOL    C2 4912   2.722   1.792   4.829  0.0390  0.1579 -0.1180
  443CHOL   ROH 4913   9.892   2.114   3.367 -0.2032  0.0514 -0.0012
  443CHOL    R1 4914   9.808   2.177   3.630 -0.2677 -0.0532  0.0055
  443CHOL    R2 4915   9.674   1.997   3.792 -0.1527 -0.1813 -0.0318
  443CHOL    R3 4916   9.875   2.054   3.965 -0.2000 -0.0666 -0.0140
  443CHOL    R4 4917   9.659   1.950   4.134 -0.1347 -0.2246 -0.0373
  443CHOL    R5 4918   9.763   2.139   4.159 -0.2625 -0.1606 -0.0115
  443CHOL    C1 4919   9.839   1.977   4.496 -0.1686 -0.1422 -0.0238
  443CHOL    C2 4920  10.026   2.067   4.841  0.0566  0.0856  0.1109
  444CHOL   ROH 4921   9.746   5.470   3.706  0.1094  0.0282  0.0894
  444CHOL    R1 4922   9.835   5.456   3.974  0.0484  0.0021  0.1051
  444CHOL    R2 4923   9.664   5.476   4.189  0.0060 -0.0499  0.0534
  444CHOL    R3 4924   9.778   5.240   4.262  0.0182 -0.0419  0.0731
  444CHOL    R4 4925   9.676   5.356   4.513 -0.0532 -0.0192  0.0698
  444CHOL    R5 4926   9.880   5.288   4.474 -0.0214 -0.0060  0.1007
  444CHOL    C1 4927   9.790   5.065   4.770 -0.0763  0.0061  0.0978
  444CHOL    C2 4928   9.761   5.021   5.146  0.0839  0.1671  0.2659
  445CHOL   ROH 4929  11.538   2.360   3.487 -0.0044  0.2750  0.0731
  445CHOL    R1 4930  11.496   2.239   3.740 -0.1729  0.1922  0.0086
  445CHOL    R2 4931  11.700   2.201   3.924 -0.2144 -0.2095 -0.0156
  445CHOL    R3 4932  11.532   2.337   4.088 -0.0145 -0.0493  0.0684
  445CHOL    R4 4933  11.655   2.138   4.261  0.0199 -0.0762  0.0451
  445CHOL    R5 4934  11.442   2.171   4.234  0.0038  0.0383  0.1945
  445CHOL    C1 4935  11.469   2.228   4.610  0.3440  0.1518  0.1593
  445CHOL    C2 4936  11.443   2.280   5.069 -0.2772 -0.1631 -0.1684
  446CHOL   ROH 4937  10.908   3.049   3.664  0.0549  0.0784 -0.0011
  446CHOL    R1 4938  11.064   3.026   3.899  0.0556 -0.0600 -0.0133
  446CHOL    R2 4939  11.206   3.239   4.005  0.1821 -0.1573  0.0283
  446CHOL    R3 4940  11.066   3.177   4.230  0.1536 -0.1314  0.0174
  446CHOL    R4 4941  11.283   3.348   4.324  0.1678 -0.1882  0.0427
  446CHOL    R5 4942  11.232   3.151   4.399  0.1233 -0.1709  0.0327
  446CHOL    C1 4943  11.196   3.354   4.720  0.1327 -0.1819  0.0409
  446CHOL    C2 4944  11.285   3.359   5.126  0.3176 -0.2537 -0.0212
  447CHOL   ROH 4945   1.472   3.543   3.607 -0.1817  0.4030 -0.0142
  447CHOL    R1 4946   1.576   3.601   3.863 -0.1198  0.1586  0.0206
  447CHOL    R2 4947   1.522   3.445   4.084 -0.1295 -0.0089 -0.0996
  447CHOL    R3 4948   1.793   3.436   4.105 -0.1277 -0.1104 -0.1466
  447CHOL    R4 4949   1.695   3.399   4.380 -0.0958  0.2804 -0.0670
  447CHOL    R5 4950   1.840   3.548   4.312 -0.0353  0.1341 -0.2887
  447CHOL    C1 4951   2.051   3.363   4.571 -0.0744  0.3535 -0.0921
  447CHOL    C2 4952   2.258   3.247   4.970  0.0344  0.1561 -0.0511
  448CHOL   ROH 4953   6.074   0.098   6.297  0.3165 -0.0943  0.0513
  448CHOL    R1 4954   6.173  -0.049   6.076  0.2627  0.0112 -0.0460
  448CHOL    R2 4955   6.007  -0.160   5.883  0.2068  0.0152 -0.0023
  448CHOL    R3 4956   6.164  -0.019   5.713  0.0757  0.1271 -0.0349
  448CHOL    R4 4957   6.040  -0.225   5.546  0.1190  0.0878 -0.0246
  448CHOL    R5 4958   6.253  -0.184   5.564  0.1079  0.1950 -0.0934
  448CHOL    C1 4959   6.207  -0.130   5.189 -0.0552  0.2352 -0.0683
  448CHOL    C2 4960   6.102  -0.297   4.984  0.1192 -0.0459  0.3813
  449CHOL   ROH 4961  11.177   2.077   6.717 -0.1052 -0.0506 -0.0725
  449CHOL    R1 4962  11.125   2.123   6.442 -0.0136 -0.0153 -0.0858
  449CHOL    R2 4963  11.289   2.281   6.283  0.0784 -0.0481 -0.0309
  449CHOL    R3 4964  11.295   2.059   6.127  0.0607 -0.0396 -0.0411
  449CHOL    R4 4965  11.396   2.273   5.955 -0.0559 -0.0084 -0.0750
  449CHOL    R5 4966  11.232   2.138   5.910 -0.0461 -0.0421 -0.0118
  449CHOL    C1 4967  11.463   2.060   5.617 -0.1507  0.0227 -0.1102
  449CHOL    C2 4968  11.689   1.904   5.295  0.2062 -0.1197  0.0624
  450CHOL   ROH 4969   6.734   2.970   6.449  0.0922 -0.2757  0.0979
  450CHOL    R1 4970   6.906   3.108   6.270 -0.0914 -0.1364  0.0203
  450CHOL    R2 4971   7.133   2.991   6.161  0.1249  0.1293  0.1521
  450CHOL    R3 4972   7.017   3.065   5.927  0.0313 -0.2370  0.0716
  450CHOL    R4 4973   7.284   2.977   5.851  0.2688  0.2843  0.2141
  450CHOL    R5 4974   7.193   3.168   5.802 -0.1318  0.0801  0.0837
  450CHOL    C1 4975   7.264   3.039   5.451  0.2647  0.0308  0.1746
  450CHOL    C2 4976   7.399   3.039   5.116  0.1100 -0.1251  0.1321
  451CHOL   ROH 4977  12.531   8.888   3.549 -0.0093 -0.1211 -0.0240
  451CHOL    R1 4978  12.567   8.917   3.828 -0.0454 -0.1825 -0.0114
  451CHOL    R2 4979  12.609   9.163   3.949  0.1079 -0.2210  0.0312
  451CHOL    R3 4980  12.397   9.088   4.100  0.0174 -0.0929 -0.0306
  451CHOL    R4 4981  12.593   9.187   4.293  0.0218 -0.2452  0.0281
  451CHOL    R5 4982  12.494   8.993   4.297 -0.1060 -0.1744 -0.0136
  451CHOL    C1 4983  12.383   9.129   4.636 -0.1133 -0.1389 -0.0319
  451CHOL    C2 4984  12.518   9.178   4.965 -0.2348  0.0960  0.0954
  452CHOL   ROH 4985  11.382   5.340   3.709 -0.0026  0.0795  0.0120
  452CHOL    R1 4986  11.350   5.410   3.982  0.2183  0.1688  0.0195
  452CHOL    R2 4987  11.219   5.247   4.163 -0.0971  0.4499  0.0605
  452CHOL    R3 4988  11.450   5.270   4.303  0.0122 -0.0423 -0.0012
  452CHOL    R4 4989  11.244   5.226   4.507 -0.0830  0.4816  0.0606
  452CHOL    R5 4990  11.387   5.389   4.501  0.3128  0.1710 -0.0161
  452CHOL    C1 4991  11.476   5.236   4.839  0.0277  0.0379  0.0027
  452CHOL    C2 4992  11.514   5.188   5.206 -0.0494  0.1875  0.0207
  453CHOL   ROH 4993  12.594   1.908   6.839 -0.0634  0.0433 -0.1272
  453CHOL    R1 4994  12.518   1.920   6.566 -0.0737  0.0829 -0.1229
  453CHOL    R2 4995  12.693   1.997   6.366 -0.0397 -0.0276 -0.1353
  453CHOL    R3 4996  12.619   1.759   6.256 -0.1905  0.0135 -0.1272
  453CHOL    R4 4997  12.748   1.906   6.037  0.0921 -0.1423 -0.0831
  453CHOL    R5 4998  12.550   1.815   6.034  0.0026  0.0380 -0.1878
  453CHOL    C1 4999  12.711   1.630   5.743  0.0274 -0.1705 -0.0451
  453CHOL    C2 5000  12.764   1.692   5.451 -0.0260  0.1435  0.1586
  454CHOL   ROH 5001   0.709   8.921   3.564 -0.3320  0.0109 -0.0566
  454CHOL    R1 5002   0.736   8.966   3.842 -0.2018 -0.0417 -0.0562
  454CHOL    R2 5003   0.540   9.089   3.992 -0.1085  0.0081  0.0534
  454CHOL    R3 5004   0.561   8.866   4.145 -0.1183 -0.0312 -0.0089
  454CHOL    R4 5005   0.441   9.069   4.322  0.1055 -0.0338  0.1163
  454CHOL    R5 5006   0.620   8.949   4.363  0.0638 -0.1250 -0.0302
  454CHOL    C1 5007   0.402   8.847   4.658  0.2208 -0.0951  0.0944
  454CHOL    C2 5008   0.494   8.655   4.972 -0.0031  0.0921 -0.0930
  455CHOL   ROH 5009   6.017   4.629   6.446 -0.1864 -0.0827  0.0099
  455CHOL    R1 5010   6.193   4.623   6.224 -0.1434 -0.0901  0.0425
  455CHOL    R2 5011   6.132   4.490   5.988 -0.1511 -0.0027 -0.0140
  455CHOL    R3 5012   6.184   4.733   5.878 -0.0359  0.0126  0.0734
  455CHOL    R4 5013   6.134   4.557   5.650 -0.2084  0.1570  0.0162
  455CHOL    R5 5014   6.308   4.683   5.680 -0.1289  0.0318  0.0177
  455CHOL    C1 5015   6.184   4.824   5.348 -0.1337  0.2643  0.1158
  455CHOL    C2 5016   6.162   4.758   4.979 -0.0601  0.0907  0.1900
  456CHOL   ROH 5017   0.230   8.778   3.721 -0.0154  0.0117  0.0345
  456CHOL    R1 5018   0.066   8.839   3.944 -0.0604 -0.0376  0.0156
  456CHOL    R2 5019  -0.031   8.643   4.116  0.0112 -0.0652  0.0281
  456CHOL    R3 5020   0.087   8.798   4.305 -0.0706  0.0053  0.0202
  456CHOL    R4 5021  -0.104   8.636   4.453 -0.0531 -0.0086  0.0155
  456CHOL    R5 5022  -0.089   8.852   4.457 -0.1104 -0.0066 -0.0270
  456CHOL    C1 5023  -0.037   8.778   4.827 -0.1656  0.0905  0.0007
  456CHOL    C2 5024  -0.142   8.794   5.174  0.1725  0.0127 -0.0824
  457CHOL   ROH 5025  11.991   6.091   3.689  0.1731 -0.1498 -0.0483
  457CHOL    R1 5026  12.086   6.118   3.955  0.0652 -0.0612 -0.0175
  457CHOL    R2 5027  11.917   6.144   4.172 -0.0274 -0.0926 -0.0833
  457CHOL    R3 5028  12.057   5.932   4.266  0.0296 -0.0182  0.0041
  457CHOL    R4 5029  11.935   6.051   4.504 -0.1469 -0.0684 -0.0683
  457CHOL    R5 5030  12.146   6.008   4.475 -0.1126  0.0339  0.0446
  457CHOL    C1 5031  12.078   5.798   4.786 -0.1630  0.0157  0.0225
  457CHOL    C2 5032  12.144   5.896   5.139  0.0889  0.2049 -0.2996
  458CHOL   ROH 5033   6.134   6.045   3.265  0.0963  0.1390  0.0803
  458CHOL    R1 5034   6.150   6.087   3.544  0.0427  0.3242  0.0624
  458CHOL    R2 5035   5.994   6.276   3.676 -0.3362  0.1211 -0.0187
  458CHOL    R3 5036   5.923   6.062   3.827  0.0928  0.0305  0.0762
  458CHOL    R4 5037   5.844   6.294   3.986 -0.3861 -0.0756 -0.0339
  458CHOL    R5 5038   5.968   6.129   4.052 -0.0530  0.2102  0.0406
  458CHOL    C1 5039   5.688   6.103   4.309 -0.0124 -0.2752  0.0462
  458CHOL    C2 5040   5.408   6.198   4.589  0.2969  0.1394 -0.0751
  459CHOL   ROH 5041   5.555   7.295   6.441 -0.2082 -0.0042 -0.2093
  459CHOL    R1 5042   5.741   7.244   6.233 -0.1582  0.0013 -0.1650
  459CHOL    R2 5043   5.696   7.057   6.036 -0.1227  0.0303 -0.1934
  459CHOL    R3 5044   5.745   7.267   5.870 -0.0557  0.0395 -0.1641
  459CHOL    R4 5045   5.833   7.032   5.719  0.0986  0.0410 -0.1029
  459CHOL    R5 5046   5.950   7.210   5.761  0.0373  0.0729 -0.0235
  459CHOL    C1 5047   5.958   7.215   5.380  0.2903  0.0559 -0.0227
  459CHOL    C2 5048   6.045   7.436   5.057  0.3193 -0.0895 -0.1454
  460CHOL   ROH 5049  12.023   1.135   3.427  0.1176 -0.3107 -0.0261
  460CHOL    R1 5050  11.977   0.984   3.662  0.1080 -0.2519  0.0134
  460CHOL    R2 5051  12.138   1.005   3.888  0.0070 -0.0697  0.0881
  460CHOL    R3 5052  11.902   1.056   4.011 -0.0820 -0.1566 -0.0475
  460CHOL    R4 5053  12.067   0.936   4.218 -0.1768 -0.1007  0.0412
  460CHOL    R5 5054  11.869   0.872   4.158 -0.1121 -0.1631 -0.0750
  460CHOL    C1 5055  11.803   0.945   4.526 -0.3674 -0.2003 -0.1134
  460CHOL    C2 5056  11.820   0.997   4.904 -0.2294 -0.1885  0.2055
  461CHOL   ROH 5057   8.176   7.575   6.596  0.1829 -0.0329 -0.1308
  461CHOL    R1 5058   8.104   7.738   6.376  0.1373  0.0564 -0.0561
  461CHOL    R2 5059   8.280   7.918   6.260  0.1411  0.0741 -0.0654
  461CHOL    R3 5060   8.217   7.783   6.033  0.0381  0.1418 -0.0731
  461CHOL    R4 5061   8.255   8.060   5.946  0.1022  0.1164 -0.0398
  461CHOL    R5 5062   8.080   7.936   5.909  0.0646  0.1919 -0.0166
  461CHOL    C1 5063   8.181   8.017   5.550 -0.0170  0.2047 -0.0322
  461CHOL    C2 5064   8.311   8.184   5.193 -0.1002  0.2291 -0.2287
  462CHOL   ROH 5065  10.713   7.355   6.959 -0.1545 -0.1017 -0.1285
  462CHOL    R1 5066  10.870   7.275   6.738 -0.1559 -0.1358 -0.1200
  462CHOL    R2 5067  10.760   7.205   6.494 -0.1502  0.0561 -0.1926
  462CHOL    R3 5068  10.931   7.394   6.399  0.0299 -0.0325 -0.0502
  462CHOL    R4 5069  10.794   7.292   6.161 -0.0141  0.2442 -0.1305
  462CHOL    R5 5070  11.009   7.305   6.192 -0.0145  0.0376 -0.0886
  462CHOL    C1 5071  10.975   7.520   5.879  0.2343  0.2707  0.0394
  462CHOL    C2 5072  10.978   7.494   5.485 -0.0972 -0.0417 -0.1623
  463CHOL   ROH 5073   5.142   4.991   4.416  0.2796 -0.0190 -0.0095
  463CHOL    R1 5074   5.186   5.118   4.665  0.1620 -0.0104  0.0112
  463CHOL    R2 5075   4.986   5.250   4.803  0.0765 -0.0549 -0.0496
  463CHOL    R3 5076   5.061   5.084   5.005  0.0458 -0.0468 -0.0363
  463CHOL    R4 5077   4.984   5.335   5.138 -0.0921 -0.0898 -0.0429
  463CHOL    R5 5078   5.173   5.228   5.160 -0.0697 -0.0274  0.0253
  463CHOL    C1 5079   5.054   5.230   5.522 -0.2191 -0.1026 -0.0264
  463CHOL    C2 5080   4.937   5.256   5.888  0.1638  0.1750 -0.0341
  464CHOL   ROH 5081   6.655   3.317   2.886 -0.0258  0.0606 -0.0115
  464CHOL    R1 5082   6.592   3.389   3.153 -0.2525  0.0282 -0.0587
  464CHOL    R2 5083   6.361   3.303   3.280 -0.0693 -0.4850 -0.0935
  464CHOL    R3 5084   6.537   3.214   3.467  0.1147  0.0191  0.0202
  464CHOL    R4 5085   6.295   3.280   3.619 -0.3628 -0.8122 -0.1558
  464CHOL    R5 5086   6.496   3.352   3.658 -0.5602 -0.1158  0.0566
  464CHOL    C1 5087   6.421   3.182   3.991 -0.3609 -0.5294 -0.0854
  464CHOL    C2 5088   6.476   3.424   4.370  0.3255  0.1854  0.1722
  465CHOL   ROH 5089   0.562   5.801   6.767  0.0492 -0.5302  0.1318
  465CHOL    R1 5090   0.495   5.597   6.583 -0.2770 -0.3247  0.0020
  465CHOL    R2 5091   0.290   5.623   6.398 -0.0770  0.2330 -0.1920
  465CHOL    R3 5092   0.486   5.560   6.221 -0.0357 -0.1618 -0.0231
  465CHOL    R4 5093   0.239   5.511   6.075 -0.0291  0.4394 -0.2738
  465CHOL    R5 5094   0.402   5.370   6.103 -0.3582  0.0513 -0.1510
  465CHOL    C1 5095   0.393   5.385   5.722  0.0377  0.1890 -0.1628
  465CHOL    C2 5096   0.238   5.542   5.393 -0.1469  0.1806 -0.2528
  466CHOL   ROH 5097   6.287   7.993   6.307  0.2657  0.0094 -0.1445
  466CHOL    R1 5098   6.111   7.987   6.085  0.2796  0.0846 -0.1566
  466CHOL    R2 5099   6.195   7.913   5.831  0.2258 -0.1503 -0.1038
  466CHOL    R3 5100   5.991   7.735   5.851  0.0154  0.0862 -0.0316
  466CHOL    R4 5101   6.001   7.803   5.567  0.3514 -0.2960 -0.1396
  466CHOL    R5 5102   5.827   7.814   5.696  0.2330  0.0670 -0.2938
  466CHOL    C1 5103   5.697   7.572   5.432  0.2268 -0.1588 -0.0926
  466CHOL    C2 5104   5.572   7.468   5.110  0.3868  0.2680  0.2403
  467CHOL   ROH 5105   1.268   4.992   6.432 -0.0616  0.3327  0.0074
  467CHOL    R1 5106   1.320   4.989   6.154 -0.0845  0.1400  0.0005
  467CHOL    R2 5107   1.322   4.755   6.005 -0.1955  0.0368  0.1343
  467CHOL    R3 5108   1.142   4.890   5.853 -0.1555  0.0275  0.0826
  467CHOL    R4 5109   1.331   4.778   5.661 -0.0827  0.1019  0.1423
  467CHOL    R5 5110   1.272   4.987   5.677 -0.1201  0.0760  0.1484
  467CHOL    C1 5111   1.167   4.918   5.317  0.0205  0.1309  0.0983
  467CHOL    C2 5112   1.339   4.979   4.987 -0.2852  0.0753 -0.0674
  468CHOL   ROH 5113   8.811   6.405   3.402  0.0850  0.0087  0.0067
  468CHOL    R1 5114   8.776   6.518   3.660  0.1173  0.0609 -0.0101
  468CHOL    R2 5115   8.555   6.463   3.820  0.1073  0.1358  0.0098
  468CHOL    R3 5116   8.745   6.393   4.000  0.1000  0.1235  0.0107
  468CHOL    R4 5117   8.506   6.436   4.160  0.1039  0.1333  0.0079
  468CHOL    R5 5118   8.699   6.527   4.191  0.1062  0.1210  0.0113
  468CHOL    C1 5119   8.656   6.355   4.527  0.0951  0.1203  0.0076
  468CHOL    C2 5120   8.691   6.571   4.815  0.0071 -0.1362 -0.4307
  469CHOL   ROH 5121   5.996   6.268   6.533 -0.0390 -0.2382 -0.1822
  469CHOL    R1 5122   6.110   6.184   6.288  0.1353  0.0258 -0.1984
  469CHOL    R2 5123   5.958   6.137   6.061  0.2258 -0.2020 -0.2053
  469CHOL    R3 5124   6.132   6.313   5.949 -0.0823  0.1522 -0.1721
  469CHOL    R4 5125   6.065   6.128   5.733  0.4878 -0.1891 -0.1264
  469CHOL    R5 5126   6.265   6.180   5.801  0.3521  0.3300  0.0078
  469CHOL    C1 5127   6.291   6.288   5.436  0.3510  0.1509 -0.0492
  469CHOL    C2 5128   6.292   6.225   4.989 -0.0928  0.4001  0.1887
  470CHOL   ROH 5129  10.373   3.179   5.497 -0.0527  0.0407  0.2520
  470CHOL    R1 5130  10.650   3.169   5.441 -0.0864 -0.0547  0.0775
  470CHOL    R2 5131  10.842   3.240   5.628  0.0530  0.1530 -0.1219
  470CHOL    R3 5132  10.940   2.993   5.572 -0.0269  0.0669  0.1059
  470CHOL    R4 5133  11.150   3.122   5.731  0.0377  0.1581 -0.0740
  470CHOL    R5 5134  11.174   3.029   5.536 -0.0285 -0.0439  0.0196
  470CHOL    C1 5135  11.422   2.822   5.739 -0.0463  0.0803  0.1678
  470CHOL    C2 5136  11.404   2.806   6.106 -0.2050 -0.0489  0.1367
  471CHOL   ROH 5137   5.218   4.379   6.047 -0.0100 -0.2174 -0.0700
  471CHOL    R1 5138   5.157   4.482   5.790  0.0227 -0.1147 -0.0351
  471CHOL    R2 5139   5.256   4.723   5.701  0.0901 -0.1189  0.0511
  471CHOL    R3 5140   5.342   4.573   5.491  0.0486 -0.0663 -0.0072
  471CHOL    R4 5141   5.288   4.838   5.376 -0.0069 -0.0328  0.0692
  471CHOL    R5 5142   5.209   4.647   5.306 -0.0127 -0.0294  0.0442
  471CHOL    C1 5143   5.388   4.765   4.990 -0.1024  0.0667  0.0249
  471CHOL    C2 5144   5.672   4.829   4.705  0.2118  0.1120 -0.0279
  472CHOL   ROH 5145   9.326   4.006   3.786  0.0387  0.0402  0.0952
  472CHOL    R1 5146   9.168   3.920   4.005  0.0406 -0.0087  0.0764
  472CHOL    R2 5147   9.264   3.753   4.203  0.1045  0.1106  0.1418
  472CHOL    R3 5148   9.179   3.951   4.367 -0.0743  0.0953  0.0738
  472CHOL    R4 5149   9.100   3.702   4.502  0.2145  0.0509  0.1945
  472CHOL    R5 5150   8.970   3.871   4.453  0.0198 -0.0990  0.1449
  472CHOL    C1 5151   8.923   3.859   4.831  0.1105  0.0018  0.1613
  472CHOL    C2 5152   8.734   3.943   5.156 -0.2368 -0.1136 -0.4196
  473CHOL   ROH 5153   8.727   2.163   3.232 -0.0679 -0.0511 -0.0215
  473CHOL    R1 5154   8.656   2.088   3.496 -0.0953  0.1317  0.0240
  473CHOL    R2 5155   8.799   1.902   3.643 -0.2630  0.0463  0.0644
  473CHOL    R3 5156   8.809   2.103   3.825 -0.0183  0.1063 -0.0059
  473CHOL    R4 5157   8.770   1.860   3.984 -0.3859  0.1705  0.0715
  473CHOL    R5 5158   8.649   2.041   3.991 -0.1529  0.3623 -0.0124
  473CHOL    C1 5159   8.763   2.024   4.355 -0.2278  0.2990  0.0096
  473CHOL    C2 5160   8.889   2.252   4.687 -0.2749  0.2657 -0.0559
  474CHOL   ROH 5161   5.004   0.119   4.070  0.0550  0.0830 -0.0029
  474CHOL    R1 5162   5.000  -0.094   4.257  0.1011  0.1339  0.0566
  474CHOL    R2 5163   5.063  -0.060   4.524  0.0206  0.2358  0.0660
  474CHOL    R3 5164   4.820  -0.173   4.563  0.0599  0.1437  0.0344
  474CHOL    R4 5165   4.952  -0.188   4.824  0.1295 -0.0480 -0.0098
  474CHOL    R5 5166   4.862  -0.354   4.715  0.1424  0.0234 -0.1278
  474CHOL    C1 5167   4.658  -0.370   5.037  0.2298 -0.2998 -0.0837
  474CHOL    C2 5168   4.715  -0.361   5.353  0.1472  0.1416 -0.0950
  475CHOL   ROH 5169   7.559   3.520   3.271  0.0596 -0.0714 -0.1324
  475CHOL    R1 5170   7.555   3.453   3.547  0.0603  0.2614 -0.0458
  475CHOL    R2 5171   7.442   3.618   3.738 -0.4561  0.2649 -0.3195
  475CHOL    R3 5172   7.301   3.394   3.801  0.0244 -0.0222 -0.1427
  475CHOL    R4 5173   7.288   3.561   4.042 -0.5073  0.2401 -0.3463
  475CHOL    R5 5174   7.354   3.354   4.031 -0.0032  0.3635 -0.0613
  475CHOL    C1 5175   7.065   3.318   4.277 -0.0862 -0.0440 -0.1960
  475CHOL    C2 5176   6.774   3.001   4.302 -0.1044  0.2230 -0.1296
  476CHOL   ROH 5177   5.005   2.281   5.601 -0.3158  0.0503 -0.0819
  476CHOL    R1 5178   5.002   2.367   5.332 -0.2131 -0.2461 -0.1796
  476CHOL    R2 5179   5.195   2.534   5.227 -0.3602 -0.1139 -0.1778
  476CHOL    R3 5180   5.220   2.336   5.042  0.0643 -0.2733  0.0142
  476CHOL    R4 5181   5.314   2.578   4.905 -0.4408 -0.1258 -0.2143
  476CHOL    R5 5182   5.160   2.441   4.835 -0.1825 -0.5601 -0.0988
  476CHOL    C1 5183   5.406   2.418   4.544 -0.0893 -0.2824 -0.0554
  476CHOL    C2 5184   5.665   2.344   4.217 -0.4171  0.1633 -0.0608
  477CHOL   ROH 5185   7.952   6.761   3.255  0.0280  0.1095 -0.0786
  477CHOL    R1 5186   7.929   6.983   3.430  0.0589  0.1001 -0.0660
  477CHOL    R2 5187   7.737   6.996   3.630  0.0982  0.0882 -0.0378
  477CHOL    R3 5188   7.954   7.040   3.788  0.1236  0.0882 -0.0669
  477CHOL    R4 5189   7.726   7.060   3.969  0.1514 -0.0320 -0.0093
  477CHOL    R5 5190   7.883   7.208   3.942  0.1112  0.0208  0.0076
  477CHOL    C1 5191   7.923   7.139   4.315  0.2061 -0.1021 -0.0200
  477CHOL    C2 5192   7.863   6.971   4.714  0.0277 -0.2401  0.2354
  478CHOL   ROH 5193   1.834   7.367   5.848  0.0752 -0.1404 -0.0751
  478CHOL    R1 5194   1.817   7.361   5.566  0.1037  0.0414 -0.0816
  478CHOL    R2 5195   1.678   7.165   5.429  0.2678  0.0287 -0.2238
  478CHOL    R3 5196   1.552   7.378   5.316  0.1110  0.0102 -0.0938
  478CHOL    R4 5197   1.547   7.169   5.109  0.2189  0.1006 -0.2043
  478CHOL    R5 5198   1.622   7.373   5.086  0.0860  0.1695 -0.1119
  478CHOL    C1 5199   1.352   7.371   4.817  0.0431  0.1251 -0.0711
  478CHOL    C2 5200   1.266   7.089   4.417  0.1826 -0.0604  0.1372
  479CHOL   ROH 5201   7.669   5.454   3.449 -0.2144 -0.2089 -0.1210
  479CHOL    R1 5202   7.611   5.641   3.654 -0.0294 -0.1257 -0.1410
  479CHOL    R2 5203   7.357   5.664   3.770  0.0258  0.0547 -0.0600
  479CHOL    R3 5204   7.497   5.625   3.999  0.0781  0.0246 -0.0948
  479CHOL    R4 5205   7.234   5.708   4.089  0.0818 -0.0028 -0.0292
  479CHOL    R5 5206   7.422   5.796   4.146  0.0939  0.0015 -0.0528
  479CHOL    C1 5207   7.293   5.697   4.490  0.1635 -0.0646 -0.0439
  479CHOL    C2 5208   7.210   5.743   4.814 -0.0069  0.1782 -0.0660
  480CHOL   ROH 5209   0.972   1.151   3.684 -0.0948 -0.1492  0.0532
  480CHOL    R1 5210   0.766   1.109   3.874 -0.0915 -0.0376  0.0857
  480CHOL    R2 5211   0.814   0.996   4.122 -0.1194 -0.0984  0.0748
  480CHOL    R3 5212   0.692   1.222   4.212  0.0470 -0.0216  0.1089
  480CHOL    R4 5213   0.687   1.037   4.441 -0.1466 -0.0585  0.0575
  480CHOL    R5 5214   0.516   1.141   4.353 -0.0417  0.0979  0.0573
  480CHOL    C1 5215   0.499   1.272   4.711 -0.0063  0.0369  0.0795
  480CHOL    C2 5216   0.200   1.116   4.959  0.0578  0.2150 -0.0301
  481CHOL   ROH 5217   3.056   0.379   3.255 -0.0929 -0.3015 -0.1628
  481CHOL    R1 5218   3.002   0.376   3.533 -0.0556 -0.2634 -0.1552
  481CHOL    R2 5219   2.745   0.369   3.635 -0.0519 -0.0307 -0.1186
  481CHOL    R3 5220   2.839   0.152   3.768 -0.2310 -0.1270 -0.1417
  481CHOL    R4 5221   2.657   0.280   3.957 -0.1084  0.0218 -0.1191
  481CHOL    R5 5222   2.864   0.226   3.994 -0.1493 -0.1636 -0.1375
  481CHOL    C1 5223   2.695   0.025   4.270 -0.3094 -0.0367 -0.1410
  481CHOL    C2 5224   2.782   0.109   4.703  0.3212 -0.0104  0.0286
  482CHOL   ROH 5225  10.258   0.192   2.938 -0.0932  0.1629 -0.1495
  482CHOL    R1 5226  10.276   0.286   3.205 -0.0267  0.0963 -0.1282
  482CHOL    R2 5227  10.065   0.271   3.384 -0.0512  0.2334 -0.1375
  482CHOL    R3 5228  10.247   0.143   3.538 -0.1595  0.0496 -0.1588
  482CHOL    R4 5229  10.064   0.270   3.729 -0.0612  0.1718 -0.1393
  482CHOL    R5 5230  10.281   0.290   3.724 -0.0406 -0.0097 -0.1315
  482CHOL    C1 5231  10.236   0.149   4.075 -0.1687 -0.0366 -0.1604
  482CHOL    C2 5232  10.050   0.304   4.340 -0.2085 -0.0156 -0.1058
  483CHOL   ROH 5233   7.460   3.109   3.104 -0.2110 -0.3323 -0.1091
  483CHOL    R1 5234   7.468   2.946   3.335 -0.1957 -0.2337 -0.0367
  483CHOL    R2 5235   7.619   3.011   3.559 -0.0856 -0.1927 -0.1094
  483CHOL    R3 5236   7.381   2.982   3.687 -0.0578 -0.0347 -0.0234
  483CHOL    R4 5237   7.578   2.988   3.901  0.0175 -0.2828 -0.1033
  483CHOL    R5 5238   7.427   2.836   3.869 -0.1200 -0.1356 -0.0979
  483CHOL    C1 5239   7.330   2.948   4.220  0.1037 -0.1870 -0.0191
  483CHOL    C2 5240   7.432   2.939   4.563  0.0467  0.1952 -0.0847
  484CHOL   ROH 5241   0.662   3.952   3.863 -0.0322  0.1153  0.0608
  484CHOL    R1 5242   0.565   3.885   4.120 -0.0276 -0.1675 -0.0038
  484CHOL    R2 5243   0.634   3.650   4.249  0.3888 -0.0892 -0.0526
  484CHOL    R3 5244   0.708   3.820   4.449 -0.0391  0.0123  0.0389
  484CHOL    R4 5245   0.750   3.550   4.559  0.2254  0.0545  0.0574
  484CHOL    R5 5246   0.633   3.711   4.649 -0.0927 -0.1046 -0.0424
  484CHOL    C1 5247   0.887   3.651   4.927 -0.2714  0.2335  0.2074
  484CHOL    C2 5248   1.116   3.357   5.042  0.0098  0.2502  0.0190
  485CHOL   ROH 5249   5.130   3.343   5.861 -0.0163 -0.0588  0.0612
  485CHOL    R1 5250   5.114   3.437   5.594 -0.0421  0.0253  0.0911
  485CHOL    R2 5251   5.306   3.604   5.483 -0.0200  0.0172  0.1060
  485CHOL    R3 5252   5.316   3.410   5.293 -0.0996  0.0667  0.0503
  485CHOL    R4 5253   5.493   3.618   5.193  0.0951 -0.0461  0.1761
  485CHOL    R5 5254   5.328   3.528   5.086  0.0668  0.1150  0.0893
  485CHOL    C1 5255   5.612   3.444   4.846  0.0874 -0.0366  0.1646
  485CHOL    C2 5256   5.636   3.498   4.545  0.1524 -0.0148 -0.3849
  486CHOL   ROH 5257   0.696   2.291   3.615  0.1359  0.1644 -0.0555
  486CHOL    R1 5258   0.789   2.341   3.878  0.2303 -0.0266 -0.0487
  486CHOL    R2 5259   0.630   2.304   4.103  0.1583  0.2174 -0.0496
  486CHOL    R3 5260   0.837   2.147   4.182 -0.1004 -0.1600 -0.0755
  486CHOL    R4 5261   0.671   2.175   4.420  0.0812  0.3241  0.0050
  486CHOL    R5 5262   0.883   2.216   4.406  0.1696 -0.1098 -0.1450
  486CHOL    C1 5263   0.889   1.951   4.679 -0.2065  0.0319  0.0124
  486CHOL    C2 5264   1.201   2.124   4.902 -0.0478 -0.0964  0.0968
  487CHOL   ROH 5265   4.865   5.528   3.106  0.0002 -0.2227 -0.0238
  487CHOL    R1 5266   4.688   5.478   3.321  0.0164 -0.1082  0.0189
  487CHOL    R2 5267   4.775   5.445   3.581  0.0425 -0.0240  0.0254
  487CHOL    R3 5268   4.596   5.643   3.633  0.0861  0.0301 -0.0333
  487CHOL    R4 5269   4.702   5.568   3.896 -0.1241 -0.0942  0.0153
  487CHOL    R5 5270   4.492   5.577   3.838 -0.0809  0.0075 -0.1246
  487CHOL    C1 5271   4.491   5.826   4.127 -0.1802 -0.0843 -0.0456
  487CHOL    C2 5272   4.707   5.910   4.488 -0.0269 -0.0505  0.1789
  488CHOL   ROH 5273   9.685   2.568   3.425  0.1947  0.1003  0.1485
  488CHOL    R1 5274   9.579   2.649   3.675  0.0462  0.1555  0.0693
  488CHOL    R2 5275   9.600   2.493   3.903 -0.0807  0.2102  0.1172
  488CHOL    R3 5276   9.709   2.719   4.007 -0.1495  0.2380  0.1322
  488CHOL    R4 5277   9.633   2.560   4.240  0.2310  0.0249  0.1315
  488CHOL    R5 5278   9.577   2.766   4.200  0.0146  0.0112  0.3135
  488CHOL    C1 5279   9.755   2.811   4.534  0.3479 -0.0570  0.1538
  488CHOL    C2 5280   9.648   2.913   4.915 -0.3210  0.0898  0.1995
  489CHOL   ROH 5281  10.708   5.022   5.784 -0.1171  0.1664  0.2423
  489CHOL    R1 5282  10.839   5.266   5.724  0.0018  0.0684  0.0548
  489CHOL    R2 5283  10.910   5.338   5.467  0.0194 -0.1327 -0.0415
  489CHOL    R3 5284  10.768   5.562   5.525  0.1042 -0.0554 -0.1484
  489CHOL    R4 5285  10.910   5.627   5.278  0.0789 -0.1787 -0.1081
  489CHOL    R5 5286  10.912   5.742   5.463  0.1129 -0.1233 -0.1978
  489CHOL    C1 5287  10.776   6.006   5.223  0.1932 -0.1329 -0.2473
  489CHOL    C2 5288  10.503   6.321   5.112  0.1364  0.2657  0.2279
  490CHOL   ROH 5289   8.949   0.128   2.927 -0.3832 -0.0357  0.0211
  490CHOL    R1 5290   9.076   0.199   3.170 -0.2596  0.0001 -0.0532
  490CHOL    R2 5291   8.945   0.335   3.372 -0.1698 -0.0122  0.0075
  490CHOL    R3 5292   9.028   0.126   3.524 -0.0484  0.0142 -0.0181
  490CHOL    R4 5293   8.926   0.323   3.717  0.0035  0.0117  0.0212
  490CHOL    R5 5294   9.123   0.229   3.719  0.0294  0.0521 -0.0708
  490CHOL    C1 5295   8.993   0.119   4.060  0.2183  0.0503  0.0051
  490CHOL    C2 5296   9.012   0.291   4.311 -0.0496  0.1755 -0.0029
  491CHOL   ROH 5297   9.321   8.814   6.497  0.2830 -0.0822  0.0367
  491CHOL    R1 5298   9.487   8.836   6.268  0.1710 -0.0173 -0.0378
  491CHOL    R2 5299   9.469   8.662   6.053  0.1247 -0.0038 -0.0319
  491CHOL    R3 5300   9.439   8.892   5.912 -0.0031 -0.0075 -0.0178
  491CHOL    R4 5301   9.499   8.689   5.710 -0.0172 -0.0089 -0.0475
  491CHOL    R5 5302   9.603   8.877   5.739 -0.0568  0.0321 -0.0854
  491CHOL    C1 5303   9.489   8.920   5.378 -0.2198 -0.0166 -0.0434
  491CHOL    C2 5304   9.465   9.009   5.016 -0.1853 -0.2574 -0.0955
  492CHOL   ROH 5305   9.532   4.305   6.910 -0.1464 -0.1540 -0.0191
  492CHOL    R1 5306   9.493   4.384   6.641 -0.0950  0.0152  0.0196
  492CHOL    R2 5307   9.626   4.597   6.528  0.0839 -0.0347  0.1171
  492CHOL    R3 5308   9.696   4.412   6.341 -0.0829 -0.0091  0.0273
  492CHOL    R4 5309   9.732   4.670   6.207  0.1387  0.0184  0.1476
  492CHOL    R5 5310   9.614   4.502   6.135 -0.0094  0.1565  0.0712
  492CHOL    C1 5311   9.859   4.540   5.844  0.0141  0.0733  0.0810
  492CHOL    C2 5312   9.585   4.582   5.482 -0.0832 -0.0018 -0.2443